13 174
1
2
3
4
5
8
9
32
33
64
49
207
321
517
1026
16
129
1025
2049
4097
323
1346
12
1027
2080
2065
4145
456
184
6199
2734
2015
511
6
10
34
66
18
130
258
514
2050
4098
159
50
518
2066
4099
322
36
68
20
132
260
1028
2052
4100
52
324
140
520
1030
2068
2111
343
1399
2559
991
38
72
24
56
128
264
524
526
330
836
120
58
344
329
57
328
1034
1403
347
2072
2943
96
160
288
544
1056
4128
100
162
292
546
1060
6161
2200
2749
1021
80
200
256
580
2128
4161
1363
532
669
1542
1678
1074
3074
5122
1042
1230
1058
1862
718
3430
548
2564
3069
144
272
222
336
78
2031
137
2096
2208
2081
2336
2592
6177
4253
4435
4609
4103
5121
4105
4749
4353
4113
4047
767
5491
1354
1474
1998
703
1358
3426
3563
3579
1503
4661
4797
4157
4079
2046
668
4095
895
254
475
1999
2047
2814
