# Each line is: canonical residual mask (hex), orbit size, odd cycle vertices.
# Vertex (i,j)=a^i b^j has index 7*j+i.  The 39 affine orbits cover every
# residual left by four disjoint maximum independent sets.
000e2b1 56 4 0 7
00143e1 56 5 0 8
00168b4 56 7 4 11
001ce11 56 11 4 0 15 9
001e807 28 2 0 15
002f00b 28 13 3 0 15 17
0204aa5 56 2 0 5
02094aa 28 3 1 5
0210aa5 28 2 0 5
0213219 28 4 0 21
021611c 56 8 21 13
0217844 56 13 6 21
0217850 56 6 4 21
022918c 56 15 2 17
0229868 56 15 11 17
0238518 56 10 3 16
0239118 56 17 4 12 8 15
0239c40 28 12 10 16
02409e4 56 8 5 2 6 21
0248970 56 6 4 21
024a194 56 7 4 2 15 18
024a870 56 6 4 21
0250570 56 6 4 21
02521c2 56 7 6 1 16 18
0261c42 56 21 6 1 11 18
0270a44 56 6 2 9
0270a50 56 6 4 21
0272244 56 6 2 9
0272250 56 6 4 21
02812a9 28 3 0 5
0294825 28 2 0 5
02a4229 28 3 0 5
03009e4 28 8 5 2 6 21
0308970 56 6 4 21
030a870 56 6 4 21
0619450 28 6 4 21
061a10a 28 3 1 16
061a148 56 6 3 13
061a448 28 6 3 13
