124 40 0
124 -1 0
6 -4 -39 -15 0
d 3 6 -4 -39 0
d -4 35 6 -39 0
d -1 -39 -4 6 0
11 26 33 -31 0
d 11 -16 26 -31 0
d 11 -31 26 40 33 0
d -1 -31 11 26 33 0
d 11 26 -34 -31 33 0
d 11 39 -31 33 26 0
d 14 16 -40 -31 34 0
d 16 25 -40 -31 34 0
125 -13 0
-12 1 -14 40 0
d 1 -28 -12 40 0
d 1 -12 -13 -14 40 0
d 1 9 -12 40 0
-125 -14 -23 1 40 0
d -12 1 -14 40 0
d 1 38 -23 -14 40 0
d 1 17 -23 -14 40 0
d 1 -18 -23 -14 40 0
d 1 15 -17 12 18 0
d 1 -10 -17 12 18 0
d 1 25 -17 18 12 0
d 1 -2 -17 12 18 0
d -7 -17 -38 10 0
-125 -12 -4 -8 -3 0
d -3 -8 -12 -13 -4 0
-125 -4 -8 30 -3 0
d -125 -12 -4 -8 -3 0
d -3 -24 30 -4 -8 0
d -4 12 24 -32 0
d -3 -8 32 30 -4 0
-125 -8 30 20 -3 0
d -3 -8 22 20 30 0
d -125 -4 -8 30 -3 0
d -3 38 20 -8 30 0
d -3 20 -13 -8 30 0
d -3 25 20 -8 30 0
d 4 17 -22 -25 30 0
d 2 4 20 -17 0
d 4 36 20 -17 0
d 1 -38 -9 -3 13 0
-125 -3 30 -23 20 0
d -125 -8 30 20 -3 0
d -3 30 29 -23 20 0
d -3 -23 -13 20 30 0
d -3 38 20 -23 30 0
d -3 30 20 10 -23 0
d 8 30 19 -29 -10 0
d 8 -29 -10 -40 20 0
-125 -14 -23 40 20 0
d -13 20 40 -14 0
d -14 36 20 40 0
d -125 -14 -23 1 40 0
-125 20 40 30 -23 0
d 20 -33 30 40 -23 0
d 20 -27 30 -23 40 0
d -125 -14 -23 40 20 0
d 3 -23 -35 27 33 0
d -13 20 40 -23 30 0
126 38 0
-2 10 -5 23 0
d -2 38 10 23 -5 0
d -2 -5 -31 10 23 0
-126 23 -5 -33 10 0
d -5 -18 -33 10 23 0
d -5 -33 38 10 23 0
d -2 10 -5 23 0
d 2 -29 10 18 0
d -17 -37 23 -38 24 0
-14 -10 36 -9 0
d -9 -10 -19 -14 36 0
d -9 -10 -30 -14 36 0
127 40 0
127 -25 0
-127 21 -3 2 -22 0
d 2 21 -22 40 -3 0
d 2 21 -3 -25 -22 0
-127 -22 -3 2 26 0
d 2 26 -3 -25 -22 0
d 2 26 -3 40 -22 0
d -127 21 -3 2 -22 0
d 2 -10 -22 26 -3 0
d -3 27 29 -40 25 0
-127 36 32 31 -2 0
d -2 31 -25 32 36 0
-127 -29 -34 22 -33 0
d 22 -33 -29 40 -34 0
d 22 -33 -29 -25 -34 0
129 37 0
129 -18 0
-12 22 10 -1 0
d -1 -12 10 -31 22 0
d -1 3 -12 10 22 0
d -1 37 22 10 -12 0
d -1 -18 -12 10 22 0
d -3 31 33 10 0
-129 -1 22 34 10 0
d -12 22 10 -1 0
d -1 37 34 22 10 0
d -1 19 34 22 0
d -1 -30 34 10 22 0
d -1 34 10 22 -14 0
d -19 -37 26 22 30 0
d -1 14 12 4 -26 0
d -17 -37 -19 30 31 0
d 13 22 -19 -37 31 0
-12 13 10 -5 0
d -5 37 -12 10 13 0
d -5 -18 -12 10 13 0
d -5 -12 10 -31 13 0
d -5 -12 10 13 7 0
d -3 31 -7 10 0
d -7 -11 -12 18 0
-129 13 -5 10 -33 0
d -5 -33 13 10 -11 0
d -12 13 10 -5 0
d -5 37 -33 10 13 0
d -5 25 13 10 -33 0
d 10 -23 12 11 -25 0
-129 -5 10 -33 23 0
d -126 23 -5 -33 10 0
d 10 -18 -33 34 23 0
d -5 37 -33 23 10 0
-129 20 8 34 23 0
d 8 37 23 20 34 0
d 8 -18 23 20 34 0
-129 8 34 23 -33 0
d -129 20 8 34 23 0
d 8 -33 -39 23 34 0
d 8 37 23 -33 34 0
d 8 -18 -33 23 34 0
d -3 23 8 -33 34 0
d 3 -20 34 35 39 0
d 3 -20 34 -22 39 0
-129 10 -33 34 23 0
d 10 17 -33 34 23 0
d -129 -5 10 -33 23 0
d 10 23 -33 34 -14 0
d 5 -33 -8 -17 14 0
131 39 0
131 -40 0
-17 -1 14 23 0
d -1 23 -17 14 -26 0
d -1 39 -17 23 14 0
d -1 14 -17 -38 23 0
2 18 -24 -15 0
d 2 -19 -24 -15 0
d 2 -24 10 18 0
d 2 18 -24 -15 -40 0
d 2 -24 -14 -15 0
d 2 39 -24 -15 0
15 4 32 -14 0
d 4 15 32 -14 -36 0
d 4 32 15 -14 18 0
d 4 15 32 -40 -14 0
d -12 36 -14 40 0
d -7 15 -14 -31 32 0
d 4 36 40 20 0
9 36 -18 22 0
d 9 -18 -32 22 36 0
d 9 -18 -40 22 36 0
132 35 0
-6 25 -22 -1 0
d -6 25 -14 -22 0
d -1 -6 35 -22 25 0
d -6 25 -22 9 0
d -6 25 33 -22 0
d -9 -23 14 -35 25 0
d 14 25 -16 -35 36 0
133 37 0
-133 -18 1 -8 5 0
d 1 37 5 -8 -18 0
-133 1 5 -8 38 0
d -133 -18 1 -8 5 0
d 1 5 38 -8 -12 0
d 1 5 38 -8 -31 0
d 1 37 38 5 -8 0
d 1 5 38 -16 -8 0
d 5 -10 12 18 31 0
d 5 31 12 24 18 0
-7 4 29 -15 0
d 4 -23 -7 -15 29 0
d 4 -7 -15 -17 0
d 4 17 -27 11 23 0
-133 4 29 -15 27 0
d -7 4 29 -15 0
d 4 27 9 -15 29 0
d 4 37 27 29 -15 0
d -9 27 -37 -23 0
d -2 27 -9 -37 0
-133 5 -8 -24 38 0
d 5 -24 36 -8 38 0
d -133 1 5 -8 38 0
-133 -26 38 -24 -8 0
d -133 5 -8 -24 38 0
d -3 -24 38 -8 -26 0
d 2 -24 -8 -26 38 0
-20 -24 -15 27 0
d -15 37 -24 27 -20 0
d 9 27 -20 -24 -15 0
d -9 27 -37 14 0
d -20 -24 31 27 35 0
-133 29 28 27 -15 0
d -133 4 29 -15 27 0
d -15 27 -40 29 28 0
d -14 27 28 -15 29 0
-34 -24 -26 -25 0
d -3 -24 -34 -26 0
d 12 -34 -24 -26 -25 0
d -24 37 -34 -26 0
d -16 -24 -25 -26 -34 0
d 3 -24 -12 -39 16 0
d 3 -12 16 -26 10 0
-133 -24 -25 38 -26 0
d -133 -26 38 -24 -8 0
d -24 39 -25 -26 38 0
d -24 37 -25 38 -26 0
d 8 -24 -9 34 -39 0
136 38 0
-8 -16 -26 2 0
d 2 -8 -16 -17 -26 0
d 2 -24 -16 -26 -8 0
d 2 23 33 -26 -16 0
d 2 -8 -16 -26 38 0
d -9 -12 -26 -23 -38 0
d 2 12 -36 33 -26 0
d 2 36 -27 -38 17 0
139 40 0
3 7 -14 -18 0
d 3 -18 -22 -14 7 0
d 3 -18 -14 -10 7 0
d 3 -18 7 40 -14 0
d 3 15 22 -40 0
d 7 -27 22 -40 35 0
141 39 0
141 -9 0
-141 17 -37 32 5 0
d 5 17 39 32 -37 0
d 5 17 -37 32 -9 0
-141 -10 37 38 -11 0
d -10 37 39 -11 38 0
d -9 -11 38 -10 37 0
-141 13 10 25 32 0
d 10 39 25 13 32 0
d -9 25 13 10 32 0
143 -38 0
143 15 0
-2 16 -22 -1 0
d -1 8 -22 -2 16 0
d -1 -22 16 -2 36 0
d -1 3 -8 -36 0
d -1 -8 -36 26 0
d -1 -36 -25 -8 0
-143 16 -1 -22 25 0
d -1 -22 16 -38 25 0
d -1 25 16 -40 -22 0
d -2 16 -22 -1 0
d -1 25 7 16 -22 0
-143 25 35 -22 -1 0
d 132 35 0
d -1 -32 35 25 -22 0
d -1 35 -22 -38 25 0
d -1 35 15 -22 25 0
d -143 16 -1 -22 25 0
d -6 25 -22 -1 0
d 136 38 0
d 6 18 -16 -22 32 0
d -8 -16 -26 2 0
d -1 17 -16 6 32 0
-143 19 -22 11 10 0
d 10 -22 11 19 -38 0
d 10 -22 11 19 15 0
-39 10 -37 11 0
d 9 11 -37 -39 10 0
d 10 -38 11 -39 -37 0
d 10 11 20 -39 -37 0
d 10 15 -37 11 -39 0
144 37 0
144 -14 0
-144 -15 -13 1 0
d 1 37 -13 -15 0
d 1 -13 -14 -15 0
-144 1 -30 33 0
d 1 37 -30 33 0
d 1 -30 33 -14 0
-144 -15 27 28 -13 0
d -13 27 -14 -15 28 0
d -144 -15 -13 1 0
d -13 27 -15 26 28 0
d -13 37 27 28 -15 0
d -1 27 28 23 18 0
-13 -23 -22 -18 0
d -13 37 -18 -22 -23 0
d -13 -18 -22 -14 -23 0
-144 -23 -22 29 -18 0
d -13 -23 -22 -18 0
d -18 37 -22 29 -23 0
d -14 -18 -22 -23 29 0
d 14 -18 27 -37 0
d 14 -18 17 -37 0
145 31 0
145 -12 0
-145 -7 -28 -3 0
d -3 -28 31 -7 0
d -3 -28 -12 -7 0
-145 15 -28 -3 6 0
d -3 -28 -12 6 15 0
d -3 31 15 6 -28 0
d -3 16 15 6 -28 0
d 2 7 -26 -31 12 0
-6 -36 4 16 0
d 4 -6 38 -36 16 0
d 4 -6 -36 16 -25 0
-145 -36 16 4 28 0
d 4 -12 28 16 -36 0
d -6 -36 4 16 0
d 4 -8 28 16 -36 0
d 4 16 31 28 -36 0
d 4 -24 28 16 -36 0
d 6 16 8 -35 24 0
d 6 16 -30 24 8 0
d 4 24 6 29 8 0
d 6 -37 35 -31 0
d 12 37 16 -31 -40 0
d 4 8 -11 24 40 0
d 11 37 -29 30 24 0
146 -40 0
18 -3 10 -24 0
d -3 -24 18 10 0
-24 -22 11 10 0
d -4 -24 -22 10 11 0
d 10 -24 -22 -23 11 0
d 10 -22 11 -40 -24 0
d 9 -22 11 10 -24 0
d 4 -24 23 -27 -5 0
d 4 -5 38 10 23 0
d -2 -5 4 10 23 0
-146 -22 -38 11 10 0
d -24 -22 11 10 0
d 10 -22 11 -38 -17 0
d -143 19 -22 11 10 0
d 16 -22 -30 -38 0
d 10 -22 -13 -38 0
d 9 -22 11 10 -38 0
d 11 21 -38 16 12 0
d 18 21 -22 24 -19 0
-146 11 -39 -38 10 0
d 10 -38 11 -39 -40 0
d 10 -38 12 11 -39 0
d 143 -38 0
d 9 -38 11 -39 10 0
d -146 -22 -38 11 10 0
d -39 10 -37 11 0
d 3 37 22 -12 10 0
d 7 37 -38 22 -12 0
d -6 37 -12 22 11 0
148 36 0
148 -32 0
20 -9 -1 15 0
d -1 15 16 20 -9 0
d -1 15 -32 -9 20 0
d -1 20 -34 -9 15 0
d -1 15 20 -9 36 0
d 12 15 -16 34 0
d -1 -16 -31 -4 0
-148 -9 -1 35 15 0
d -1 35 15 31 -9 0
d 20 -9 -1 15 0
-148 15 -1 -22 35 0
d -1 35 15 36 -22 0
d 143 15 0
d -148 -9 -1 35 15 0
d -1 35 15 -22 -21 0
d -1 -22 -32 15 35 0
d -143 25 35 -22 -1 0
-148 35 -24 -1 -22 0
d -1 -24 35 39 -22 0
d -1 -22 -32 -24 35 0
d 124 -1 0
d -1 -6 -24 35 -22 0
d -148 15 -1 -22 35 0
-33 5 26 3 0
d 3 5 -33 -32 26 0
d 3 21 -33 26 5 0
d 3 5 26 36 -33 0
26 -14 3 -9 0
d 3 21 -9 26 -14 0
d 3 -9 26 36 -14 0
d -8 26 -21 -36 0
d -10 -21 -36 26 0
d -9 -33 -36 -21 0
d -2 -21 3 -36 0
-148 -14 3 -9 -30 0
d 26 -14 3 -9 0
d 3 -10 -30 -9 -14 0
d 2 -30 -14 -9 3 0
d 3 -30 -14 -9 -32 0
d -2 3 -26 25 10 0
d -2 3 -19 -26 10 0
d -2 22 -26 -14 10 0
-15 -18 -4 14 0
d -4 -18 14 -15 -32 0
d -4 -18 14 -15 36 0
d -4 -30 14 -18 -15 0
d -4 -18 20 -15 14 0
d -4 -36 30 -37 -27 0
d 14 -20 -25 32 37 0
-38 22 -26 -4 0
d -4 -38 22 -32 -26 0
d -4 22 -23 -26 -38 0
-12 5 15 -22 0
d 5 -22 -12 9 0
d 5 25 -22 15 -12 0
d 5 36 -22 15 -12 0
d -2 5 -22 -12 15 0
d 4 32 -9 -12 -36 0
-5 14 -35 -18 0
d -5 -18 -35 -32 14 0
d -5 -18 26 14 0
15 -9 38 20 0
d -9 15 38 -27 20 0
d -9 15 38 20 36 0
149 33 0
149 -34 0
-149 8 31 10 0
d 8 31 33 10 0
d 8 -34 31 10 0
-149 23 -26 -30 0
d 23 -30 -26 33 0
d 23 -30 -34 -26 0
150 40 0
-4 13 25 -15 0
d -4 -34 25 13 -15 0
d -4 25 13 6 -15 0
d -4 25 40 13 -15 0
d -4 25 -21 13 -15 0
d -6 21 23 25 0
d -6 21 -14 25 0
d -4 -6 -27 34 30 0
-150 5 11 -9 -15 0
d 5 11 -15 40 -9 0
-150 11 -15 -9 25 0
d -9 25 11 -15 14 0
d -2 -9 11 -15 25 0
d -150 5 11 -9 -15 0
-150 13 25 -15 -9 0
d -4 13 25 -15 0
d -9 25 -21 13 -15 0
d -9 25 13 -15 10 0
d -150 11 -15 -9 25 0
d -9 19 25 13 -15 0
151 -31 0
19 3 -32 -22 0
d 3 -30 -22 -32 19 0
d 3 19 -32 39 -22 0
-151 -27 3 -22 -32 0
d 3 -22 8 -27 -32 0
d 3 5 -27 -32 -22 0
d 19 3 -32 -22 0
d 3 -22 -27 39 -32 0
154 37 0
154 -6 0
-154 -24 -22 -26 0
d -22 37 -24 -26 0
d -6 -24 -26 -22 0
-154 -22 -26 33 0
d -6 -26 33 -22 0
d -22 37 33 -26 0
d -22 -28 27 30 24 0
d 24 27 -32 30 0
-154 33 -26 32 0
d -6 -26 32 33 0
d -154 -22 -26 33 0
d -26 37 33 32 0
d 9 -26 40 32 0
-154 11 -32 24 -19 0
d 11 37 -32 24 -19 0
d -6 -32 11 24 -19 0
-36 -17 26 15 0
d -6 -17 26 -36 15 0
d 15 37 -17 26 -36 0
d 15 -17 26 -36 -24 0
d -12 25 15 -37 24 0
155 -37 0
155 30 0
-155 6 -10 19 0
d 6 -37 -10 19 0
d 6 30 -10 19 0
-155 19 -20 -9 0
d -9 -20 -37 19 0
d -9 -20 30 19 0
-155 -31 -9 -20 0
d -9 -37 -20 -31 0
d -9 29 -20 -31 0
d -9 -20 -31 11 0
d -9 -20 -31 30 0
d -11 -19 -20 -29 -21 0
d 5 -20 -11 -29 -19 0
d -9 -19 -11 22 -29 0
d -11 -20 -29 26 -19 0
d -11 -29 -31 18 14 0
-155 19 -10 -40 0
d -10 19 -40 -23 0
d -10 -21 -40 19 0
d -155 6 -10 19 0
-155 -10 -40 -25 0
d -10 -37 -40 -25 0
d -155 19 -10 -40 0
d -10 35 -40 -25 0
d -10 -19 22 -15 -35 0
d -15 -19 32 -35 0
d -14 -19 -15 -35 0
d 8 -19 -15 -35 0
d -15 -19 -17 -35 0
-155 17 -40 -25 0
d 17 -18 -25 -40 0
d -155 -10 -40 -25 0
d 18 -3 10 -24 0
d 10 -24 18 -32 -40 0
d -9 17 10 29 32 0
156 35 0
156 -29 0
-14 -26 -2 6 0
d -2 34 6 -14 -26 0
d -2 -29 6 -14 -26 0
d -2 18 6 -14 -26 0
d -2 35 6 -14 -26 0
d -144 -23 -22 29 -18 0
-156 20 -15 6 -2 0
d -2 35 20 -15 6 0
d -2 -29 6 20 -15 0
-156 6 -15 -2 -26 0
d -2 -37 6 -26 -15 0
d -14 -26 -2 6 0
d -2 25 -15 6 -26 0
d -2 -20 -25 14 37 0
157 -4 0
-24 38 -25 18 0
d 18 -24 38 36 -25 0
d 18 -24 38 -25 39 0
d 13 -24 38 18 -25 0
d -1 -25 -39 -36 0
d -25 35 -36 -39 0
d -10 -25 -39 -36 0
159 40 0
-16 -6 19 -26 0
d -6 19 -16 -26 40 0
d -6 -8 -16 19 -26 0
d -6 19 9 -26 -16 0
d -6 23 -16 -26 19 0
d -154 -24 -22 -26 0
-159 -6 19 -26 20 0
d -6 20 -27 -26 0
d -16 -6 19 -26 0
d -5 -6 19 20 -26 0
d -6 20 -31 -26 19 0
-159 -18 -28 -10 -26 0
d -10 -28 -18 -26 40 0
-159 19 -26 15 20 0
d 11 19 15 -26 20 0
d 15 19 40 20 -26 0
d 15 -34 19 20 -26 0
d -159 -6 19 -26 20 0
-159 15 20 38 -26 0
d 15 38 20 -26 -27 0
d 15 38 40 -26 20 0
d -3 38 15 20 -26 0
d -159 19 -26 15 20 0
160 -40 0
160 25 0
-160 -36 2 -32 -31 0
d 2 -36 -32 -40 -31 0
d 2 25 -36 -32 -31 0
-160 26 21 -32 5 0
d 5 21 26 -32 -40 0
d 5 25 21 -32 26 0
5 -31 -32 -22 0
d 5 -22 25 -31 -32 0
d 5 -22 -32 -40 -31 0
d 5 -22 -31 -32 -27 0
161 -11 0
4 25 -32 -1 0
d -1 25 -11 -32 4 0
d -1 20 -32 4 25 0
d 11 -20 28 -32 0
163 -33 0
163 10 0
13 -11 -18 -5 0
d -5 -18 -31 13 0
d -5 -18 28 13 0
d -5 -18 -33 13 0
d -5 -11 -18 10 13 0
d -159 -18 -28 -10 -26 0
-17 20 -13 30 0
d -13 -33 20 30 -17 0
d 10 20 -13 30 -17 0
d -13 28 30 20 -17 0
d 2 -13 20 -17 0
d -2 -28 -17 -31 33 0
d -2 -28 33 20 27 0
d -2 3 20 -28 33 0
-163 20 30 -23 -13 0
d 10 20 -13 30 -23 0
d -17 20 -13 30 0
d 125 -13 0
d -125 -3 30 -23 20 0
d -125 20 40 30 -23 0
-163 -13 30 26 -23 0
d -163 20 30 -23 -13 0
d -13 26 -15 30 -23 0
d -13 -33 -23 26 30 0
d 10 -13 -23 26 30 0
19 14 18 -25 0
d 10 14 18 -25 19 0
d -7 18 14 19 -25 0
-163 14 -25 18 -29 0
d 14 -33 -25 18 -29 0
d 14 18 22 -25 -29 0
d 14 -21 -25 -29 18 0
d 10 -29 14 18 -25 0
d -16 21 -22 18 -19 0
d 16 36 -19 -29 0
d 16 -27 -19 -29 0
d 14 -19 -22 27 20 0
-26 -20 -14 24 0
d -14 -33 -20 24 -26 0
d 144 -14 0
d -14 -20 24 30 -26 0
d -144 1 -30 33 0
d 2 -30 33 -14 0
d -149 23 -26 -30 0
d -22 -30 33 -26 0
-163 -24 -25 18 -29 0
d 18 -24 36 -29 0
d 2 -24 18 -29 0
d -6 -24 18 -29 0
d -163 14 -25 18 -29 0
d 156 -29 0
d 18 -24 -33 -29 -25 0
-163 18 -37 -29 26 0
d 18 -33 26 -29 -37 0
d 10 -29 26 -37 18 0
-163 -24 -34 -25 -29 0
d -163 -24 -25 18 -29 0
d 10 -24 -29 -25 -34 0
d 12 -24 -29 -34 -25 0
d -5 -18 -24 -12 -31 0
d -5 -24 -12 28 -18 0
164 -35 0
40 -7 -20 25 0
d -7 25 12 -20 40 0
d 5 -11 25 -12 0
-22 -28 27 -11 0
d -11 -22 -28 12 27 0
d -11 -28 -22 -25 27 0
d -11 -28 -35 27 -22 0
d 3 -28 -11 27 -4 0
-19 32 -15 22 0
d -10 32 22 -19 -15 0
d -15 -19 32 -17 0
d 12 -19 32 -15 22 0
-164 22 -25 -15 32 0
d -15 22 32 -35 -25 0
d 1 32 22 -15 -25 0
d -5 32 22 -15 -25 0
d 12 32 22 -25 -15 0
d -19 32 -15 22 0
d -1 5 -28 19 32 0
-164 28 -25 -15 32 0
d -15 37 28 -25 32 0
d -15 32 28 -17 -25 0
d -15 28 32 -35 -25 0
166 -20 0
-166 7 -10 3 -18 0
d 3 -20 -10 7 -18 0
168 -5 0
169 -35 0
169 27 0
-12 9 -33 18 0
d 9 -33 -12 18 -37 0
d 9 18 -12 -35 0
d 9 27 -12 18 -33 0
d 9 -12 19 18 -33 0
d -3 9 18 -12 0
d 3 37 -12 -36 -19 0
d 3 37 -5 -12 -19 0
-169 9 18 -15 -33 0
d -12 9 -33 18 0
d 9 18 -15 -35 -33 0
d 9 -24 -33 -15 18 0
d 9 -33 -15 -31 18 0
d -6 9 -15 18 0
d 8 9 -15 18 0
d 9 -33 27 -15 18 0
-169 32 22 -15 -10 0
d -10 -35 22 32 -15 0
d -10 -15 22 27 32 0
-169 -10 -33 -15 22 0
d 4 -33 -10 -15 22 0
d -10 21 -33 22 -15 0
d -10 -33 -15 22 -35 0
d -169 32 22 -15 -10 0
-169 18 -33 -15 22 0
d -15 22 -33 -25 18 0
d -15 -33 26 22 18 0
d -169 9 18 -15 -33 0
d -169 -10 -33 -15 22 0
170 -40 0
170 21 0
-32 -7 -9 26 0
d -7 -9 26 -40 -32 0
d -7 21 26 -9 -32 0
d -7 -9 26 -32 -11 0
-170 -23 -11 15 32 0
d -11 -23 15 -40 32 0
d -11 21 15 -23 32 0
172 30 0
172 -7 0
-172 31 -2 26 21 0
d -2 21 26 30 31 0
d -2 21 26 -7 31 0
-11 -15 26 22 0
d -11 22 26 -15 -19 0
d -11 22 26 18 -15 0
-172 -15 21 22 26 0
d -11 -15 26 22 0
d -7 21 -15 22 26 0
d -15 21 -33 26 22 0
d 1 21 26 -15 22 0
d -1 5 11 33 22 0
-172 26 22 31 21 0
d -172 -15 21 22 26 0
d -9 21 26 31 22 0
175 19 0
11 -26 29 9 0
d 9 -22 29 11 -26 0
d 9 29 11 -26 -35 0
d 9 29 11 13 -26 0
d 11 28 35 22 0
-175 9 29 -26 -36 0
d 9 29 -36 -16 -26 0
d -3 29 -36 -26 9 0
d 9 29 -36 19 -26 0
d 11 -26 29 9 0
d 3 -8 -11 16 29 0
177 6 0
10 26 8 31 0
d 8 31 10 -38 0
d -149 8 31 10 0
d 6 31 26 10 8 0
d 8 26 -37 10 31 0
d 149 33 0
d 149 -34 0
d -6 -33 -40 31 38 0
d -6 37 10 24 -33 0
d -6 37 10 -33 -19 0
-177 -20 26 31 8 0
d 10 26 8 31 0
d 6 -20 31 8 26 0
d 8 -19 -20 26 31 0
d -2 -20 26 31 8 0
d 8 31 -20 -38 26 0
d 2 5 8 -10 19 0
179 -26 0
-179 -3 33 -36 -5 0
d -3 -5 -36 33 -26 0
5 -37 17 -9 0
d 5 -9 -26 -37 17 0
d -9 -37 14 17 0
d 5 17 -15 -37 -9 0
180 -31 0
180 7 0
-180 -2 -16 -5 0
d -2 -5 -31 -16 0
d -2 7 -16 -5 0
-180 13 -5 26 0
d -5 26 13 -31 0
d -5 7 26 13 0
-180 -16 -5 26 0
d -5 -16 26 15 0
d -5 -16 26 14 0
d -180 -2 -16 -5 0
d -180 13 -5 26 0
d 2 -5 -13 -14 -15 0
-180 26 29 -25 0
d -25 29 26 -31 0
d 7 29 26 -25 0
184 -27 0
-184 -7 -17 10 0
d -7 -27 -17 10 0
-184 -17 -7 10 0
d -184 -7 -17 10 0
185 2 0
-185 20 -14 -5 11 0
d 2 20 -5 11 -14 0
188 34 0
-38 -11 -26 6 0
d 6 -11 34 -26 -38 0
194 -34 0
-194 -6 2 -20 16 0
d 2 -6 -34 -20 16 0
195 -34 0
-195 38 25 14 -15 0
d 14 -34 -15 25 38 0
197 -40 0
197 32 0
-197 35 -27 -33 -14 0
d -14 -33 -40 -27 35 0
d -14 -33 35 -27 32 0
-20 -15 27 37 0
d -10 37 27 -15 -20 0
d -15 37 -20 27 -40 0
d -20 -24 -15 27 0
d -15 37 -20 27 32 0
d 10 -20 25 40 -35 0
-197 37 28 -15 27 0
d 144 37 0
d -144 -15 27 28 -13 0
d -20 -15 27 37 0
d -15 37 28 -40 27 0
d -15 37 32 28 27 0
d 169 27 0
d -133 29 28 27 -15 0
d 13 -29 -22 -15 20 0
d 13 -18 27 20 -29 0
d 22 28 34 -32 0
201 -32 0
201 24 0
-201 12 27 -4 0
d -4 27 12 -32 0
d -4 27 12 24 0
-201 4 -31 3 -30 0
d 3 -30 4 -31 -32 0
d 3 -30 24 4 -31 0
-201 19 3 -30 -31 0
d 1 3 -30 -31 19 0
d 3 19 -30 -31 -22 0
d -1 22 -4 -31 0
-26 -4 -19 27 0
d -4 27 -19 -32 -26 0
d 3 -19 -26 27 -4 0
203 15 0
-203 -4 7 17 16 0
d -4 15 16 7 17 0
-30 17 -28 16 0
d -10 -28 16 -30 17 0
d 16 -28 -30 -29 0
d -5 17 -30 16 -28 0
d 15 17 -30 16 -28 0
d -1 38 -30 10 -15 0
d 1 37 5 38 -31 0
d 5 16 -15 19 31 0
204 25 0
-204 2 -19 -28 0
d 2 25 -19 -28 0
-204 -13 -38 16 0
d -13 25 16 -38 0
-204 -19 -28 16 0
d 16 -19 -27 -28 0
d 16 25 -19 -28 0
d 16 -28 -29 -19 0
d -2 3 -19 27 -26 0
d -2 38 3 -28 10 0
-204 -38 -28 16 0
d -204 -13 -38 16 0
d 16 -30 -38 -28 0
d 16 21 -28 -38 0
d 16 -28 -29 -38 0
d -204 -19 -28 16 0
d 16 -28 25 -38 0
d 2 16 13 19 30 0
d -9 30 -21 13 0
7 17 16 15 0
d 7 17 15 16 25 0
d 7 17 15 16 -29 0
d 7 29 -39 -25 0
d -203 -4 7 17 16 0
d 17 29 -25 -37 0
-204 15 17 -28 16 0
d 203 15 0
d -30 17 -28 16 0
d 7 17 16 15 0
d -3 17 15 16 -28 0
d 15 17 -28 25 16 0
d 15 17 -28 -29 16 0
205 -3 0
38 -35 -19 6 0
d 5 38 -35 6 -19 0
d 6 38 7 -35 -19 0
d 6 38 22 -35 -19 0
d -3 38 -19 -35 6 0
d 3 -5 -39 6 0
d 3 -5 -8 6 0
d -2 -5 38 3 0
d 3 -5 -40 38 9 0
d 3 -22 -27 8 39 0
d 3 -35 10 -11 27 0
d -148 -14 3 -9 -30 0
207 -4 0
6 -26 -11 -38 0
d -4 -11 -38 6 -26 0
d -38 -11 -26 6 0
d 188 34 0
d 4 -11 -34 5 0
d 4 -30 -34 -38 0
-34 25 -15 14 0
d 195 -34 0
d -4 -34 14 -15 25 0
d 14 36 25 -15 -34 0
d 11 14 -15 -34 25 0
d -195 38 25 14 -15 0
d 4 -7 -15 -11 0
d 4 9 -38 -15 0
d 4 37 -34 -11 0
d 24 -37 25 -38 -36 0
211 -28 0
211 20 0
-211 25 4 2 0
d 2 -28 4 25 0
d 2 25 20 4 0
-211 2 4 -26 0
d 2 -30 4 -26 0
d 2 -20 -7 40 28 0
-211 25 -3 16 0
d -3 -28 16 25 0
d -3 25 20 16 0
-211 4 -26 40 0
d -211 2 4 -26 0
d 4 -28 40 -26 0
d 4 20 -26 40 0
d 4 9 -26 40 0
d -2 -16 34 -9 0
d -7 16 28 -26 -20 0
d -2 7 34 -9 0
-211 40 -26 -27 0
d -26 -28 -27 40 0
d 20 -27 -26 40 0
d -4 35 -26 -39 6 0
d 3 -26 -39 -4 6 0
d 6 -4 -39 -15 0
-5 -7 -23 -3 0
d -3 29 -5 -7 -23 0
d -3 -28 -5 -7 -23 0
d -3 -5 -23 -7 20 0
d -20 -23 22 28 0
d -20 -23 28 -37 0
d -5 -20 28 -32 0
d 15 -23 28 -20 0
213 -12 0
6 38 -35 -3 0
d -3 38 -12 -35 6 0
d 205 -3 0
d -3 38 29 6 -35 0
d 38 -35 -19 6 0
d 6 12 34 19 0
d 12 38 19 -37 0
d 6 12 -10 19 0
d 12 26 19 38 0
214 38 0
214 -18 0
-214 26 -1 19 0
d -1 38 19 26 0
d -1 -18 19 26 0
-214 19 -40 -37 0
d 19 38 -37 -40 0
d -18 -37 -40 19 0
8 -6 14 27 0
d -6 8 -9 27 14 0
d -6 38 8 27 14 0
d -6 -18 8 14 27 0
d -6 -24 9 18 0
d 8 9 10 -38 0
d -6 9 25 -38 0
217 -25 0
-217 2 15 -6 26 0
d 2 -6 15 26 -25 0
-6 24 -19 -32 0
d -6 24 -32 -19 -25 0
d -6 24 -32 37 -19 0
d -6 27 -32 -19 24 0
d -154 11 -32 24 -19 0
d -11 25 -19 33 0
d -11 -19 -27 -29 0
d 8 -19 -27 -11 0
-217 9 -19 -32 24 0
d -8 9 -19 -32 24 0
d -4 -19 24 -32 9 0
d 9 37 -32 24 -19 0
d 9 -19 -32 24 -25 0
d -6 24 -19 -32 0
d -2 8 16 -35 24 0
222 -32 0
-222 -2 -8 -5 0
d -2 -5 -8 -32 0
-222 27 -4 14 0
d -4 27 14 -32 0
-222 -4 14 -39 0
d -4 -10 14 -39 0
d -4 14 -32 -39 0
d 3 14 -39 -4 0
d -4 29 14 -39 0
d 10 14 -29 -27 12 0
d 10 -29 15 -27 14 0
d -4 -27 -29 10 -25 0
-222 14 -39 -5 0
d -5 14 -39 -32 0
d -222 -4 14 -39 0
d -5 14 -39 38 0
d -5 7 -39 14 0
d 3 -5 14 -39 0
d 4 -30 -7 -38 0
d -6 32 -38 23 0
d -5 -7 -23 -3 0
-222 -5 -39 30 0
d -5 -20 -39 30 0
d -222 14 -39 -5 0
d 3 -5 -39 30 0
d -5 30 -39 -32 0
d -6 20 -14 40 0
d -6 20 -14 25 0
d -6 20 -14 36 0
d -6 20 -39 -37 -14 0
224 -33 0
224 -26 0
4 -1 -17 14 0
d -1 14 -38 4 -17 0
d -1 14 -17 4 -26 0
d 4 36 -19 -17 0
-224 -1 14 -17 39 0
d -1 14 39 -17 -26 0
d 4 -1 -17 14 0
d -1 14 30 -17 39 0
d -17 -1 14 23 0
d -4 -30 14 25 -23 0
-224 -35 11 -17 -25 0
d 11 -33 -17 -35 -25 0
d 11 -17 -35 -25 -26 0
-224 -17 14 -25 39 0
d 14 39 -27 -25 -17 0
d 6 39 -25 -17 14 0
d -224 -1 14 -17 39 0
d 14 39 -25 -17 -26 0
d 1 -6 27 14 -19 0
d 1 -6 14 -9 27 0
-224 39 -25 19 14 0
d 141 39 0
d 14 19 39 -25 -26 0
d 14 37 39 -25 19 0
d 14 19 -25 39 18 0
d -224 -17 14 -25 39 0
-224 20 -34 19 40 0
d -13 20 -34 40 0
d 15 -34 40 20 19 0
d 20 -34 40 -26 0
d -14 20 40 -34 0
d 4 20 -34 40 0
-224 -34 19 -25 40 0
d 194 -34 0
d -16 -25 40 19 -34 0
d 19 -34 40 -25 -26 0
d 19 -33 40 -25 -34 0
d -2 19 40 -25 -34 0
d -224 20 -34 19 40 0
d -194 -6 2 -20 16 0
d 2 16 -7 -20 40 0
-224 39 19 -25 40 0
d 3 19 40 -25 39 0
d -224 39 -25 19 14 0
d -5 19 39 40 -25 0
d -3 5 34 -14 -25 0
225 26 0
2 29 15 32 0
d 2 -33 15 32 29 0
d 2 29 15 -11 32 0
d 2 15 32 26 29 0
d 11 32 -26 -25 -17 0
227 -39 0
227 13 0
-227 6 30 -5 0
d -5 30 -39 6 0
d -5 30 6 13 0
228 -30 0
228 10 0
19 -32 15 -22 0
d 15 -30 -32 -22 19 0
d 10 19 15 -32 -22 0
229 -25 0
18 -35 -33 22 0
d 18 22 -33 -35 -37 0
d 169 -35 0
d 18 -33 22 -35 -25 0
d 18 20 22 -35 -33 0
d -169 18 -33 -15 22 0
d 12 15 -20 -33 0
d 15 -23 22 -20 0
d -8 23 15 -12 25 0
-229 -35 22 -33 -34 0
d 18 -35 -33 22 0
d 21 -34 -35 -33 22 0
-229 22 -34 -33 40 0
d -229 -35 22 -33 -34 0
d -127 -29 -34 22 -33 0
d 4 -33 -34 40 22 0
d -4 35 -33 29 0
-27 -26 38 40 0
d -25 38 -26 40 -27 0
d -20 25 -26 28 -23 0
-229 -34 19 -224 40 0
d -224 -34 19 -25 40 0
230 -10 0
-230 38 -19 -9 -11 0
d -9 -19 38 -10 -11 0
-230 24 -9 23 -11 0
d -9 -11 23 -10 24 0
234 23 0
35 -15 -2 6 0
d 156 35 0
d -2 35 6 -37 0
d -156 6 -15 -2 -26 0
d 177 6 0
d -156 20 -15 6 -2 0
d -177 -20 26 31 8 0
d -2 -20 -38 26 31 0
d 6 31 -20 26 -19 0
235 -38 0
235 5 0
26 -40 25 21 0
d 21 -38 26 25 -40 0
d 5 21 26 25 -40 0
d -5 21 9 38 -17 0
237 -34 0
237 2 0
-237 20 -13 10 0
d 10 20 -13 -34 0
d 2 20 -13 10 0
-237 -13 -29 10 0
d 10 -29 -13 -34 0
d 1 -13 -29 10 0
d 10 -13 -38 -29 0
d -237 20 -13 10 0
d 2 -29 -13 10 0
d -1 -20 24 10 38 0
-237 -24 10 -29 0
d 10 -24 -29 18 0
d 2 -24 -29 10 0
d -237 -13 -29 10 0
d 129 -18 0
d -5 -18 -31 13 10 0
d -129 13 -5 10 -33 0
d 13 -11 -18 -5 0
d -5 -18 -29 13 28 0
d -5 -18 26 13 0
d -3 -24 31 10 0
d 21 31 -28 -24 0
239 -32 0
-239 7 34 22 0
d 7 34 -32 22 0
-239 12 -21 -10 0
d -10 -21 12 -32 0
-239 -21 30 -10 0
d -10 -21 11 30 0
d -239 12 -21 -10 0
d -10 -21 -32 30 0
d -10 -21 -40 30 0
d -10 38 -12 40 -11 0
d -11 39 40 -12 0
-239 -39 -10 30 0
d -10 -25 -39 30 0
d -10 19 -39 30 0
d -239 -21 30 -10 0
d 172 30 0
d 6 -10 30 -39 0
d -6 21 -38 25 0
d -6 25 30 20 21 0
d -6 21 -10 -8 25 0
d -6 21 -10 25 23 0
d -6 17 -10 25 21 0
d -6 21 -14 -10 25 0
d 8 -6 14 27 0
d -5 -20 -39 38 0
-239 -21 22 -18 0
d -18 22 -32 -21 0
-239 22 -18 34 0
d -239 -21 22 -18 0
d -1 -18 34 22 0
d -239 7 34 22 0
d -18 28 34 22 0
d 1 -7 21 -28 22 0
244 37 0
38 36 -10 -9 0
d 126 38 0
d -9 -19 38 -10 36 0
d -9 37 38 -10 36 0
d 15 -9 38 20 0
d -8 -10 38 -9 36 0
d -14 -10 36 -9 0
d 8 38 19 -29 -17 0
d 13 26 19 -21 0
245 -31 0
-245 -2 6 -5 0
d -2 -5 6 -31 0
-245 30 -5 6 0
d -5 30 6 -31 0
d 3 -5 6 30 0
d -227 6 30 -5 0
d -245 -2 6 -5 0
d 145 31 0
d 227 -39 0
d 227 13 0
d 2 -5 -13 -15 39 0
d 2 -9 -5 -13 39 0
d -145 15 -28 -3 6 0
d -3 31 15 6 10 0
32 -12 -1 10 0
d -1 -12 10 -31 32 0
d -1 32 -23 -12 -36 0
247 11 0
-247 -4 -14 31 -5 0
d -4 -5 11 -14 31 0
248 26 0
-248 -16 -10 15 0
d -10 15 26 -16 0
-248 -10 15 -36 0
d -10 15 -36 28 0
d -10 15 26 -36 0
d -10 -23 -36 15 0
d -204 15 17 -28 16 0
d -204 -38 -28 16 0
d -211 25 -3 16 0
-248 8 17 -14 -32 0
d 8 17 -32 -14 26 0
249 32 0
-26 -25 40 -5 0
d -5 -26 40 -25 32 0
d -5 -26 40 -25 39 0
-33 -40 -14 -27 0
d 197 -40 0
d -14 -33 -40 -21 -27 0
d -14 -33 -27 -40 32 0
d -197 35 -27 -33 -14 0
d 1 21 -27 -35 0
d 16 21 -27 -35 0
d 5 -27 -35 21 0
d -14 21 -15 -35 0
d -14 21 20 -35 0
251 34 0
-251 27 -18 -32 0
d -18 34 -32 27 0
252 -9 0
14 11 25 40 0
d -9 14 11 40 25 0
d 11 25 -15 40 14 0
d 11 14 40 28 25 0
-252 25 11 40 -20 0
d 14 11 25 40 0
d 11 -20 40 25 28 0
d 7 -18 -20 -19 32 0
d -9 -20 11 40 25 0
254 32 0
-254 -6 -29 40 0
d -6 32 40 -29 0
-254 -13 -29 40 0
d 1 -29 -13 40 0
d -13 32 40 -29 0
d -11 -13 40 -29 0
d -13 -34 40 -29 0
d -254 -6 -29 40 0
d -1 21 34 6 -29 0
d -1 -29 -14 34 6 0
255 35 0
19 -22 -32 15 0
d -12 19 15 -32 -22 0
d 19 -32 15 -22 0
d 15 19 35 -32 -22 0
d 228 -30 0
d 228 10 0
d -239 -39 -10 30 0
d -10 15 -40 30 0
-255 -22 -32 25 15 0
d 19 -22 -32 15 0
d -1 25 -22 -32 15 0
d 1 -5 -19 -22 14 0
d 1 -33 -19 -5 15 0
d -14 25 -19 33 0
256 -29 0
-2 6 -16 25 0
d -2 -5 -16 6 0
d -2 -16 34 6 0
d -2 18 -16 6 25 0
d -2 12 -16 6 0
d -2 -16 6 -31 0
d 5 -18 -16 -39 -34 0
d -7 -34 39 25 11 0
258 -38 0
258 1 0
-258 -7 -28 -30 0
d -7 -30 -28 -38 0
d 1 -28 -30 -7 0
-258 9 -15 32 0
d 9 32 -38 -15 0
d 1 32 9 -15 0
-258 -13 32 -15 0
d -13 32 -15 -38 0
d -141 17 -37 32 5 0
d -9 17 -37 29 0
d -214 19 -40 -37 0
d 2 -29 -21 -19 -37 0
d -9 17 -37 -26 -15 0
260 -29 0
260 9 0
-260 5 10 1 0
d 1 5 -29 10 0
d 1 5 9 10 0
-260 1 40 32 0
d 1 32 40 -29 0
d 1 32 9 40 0
-260 5 -24 10 0
d 5 -24 10 -34 0
d -260 5 10 1 0
d 5 -24 -29 10 0
d 5 -24 10 9 0
d 5 -24 -22 10 0
d -1 5 22 34 -14 0
d -129 -1 22 34 10 0
d -9 -37 14 29 0
21 38 24 -1 0
d -1 21 38 24 10 0
d 214 38 0
d -1 21 9 24 38 0
d -1 21 38 24 -20 0
d -1 38 11 24 0
d 230 -10 0
d -230 24 -9 23 -11 0
d -230 38 -19 -9 -11 0
d -9 16 24 -27 20 0
d -141 -10 37 38 -11 0
-260 33 -32 -17 -10 0
d -10 -17 -29 -32 33 0
d 9 33 -32 -17 -10 0
261 -22 0
261 2 0
3 -30 -32 -31 0
d -201 4 -31 3 -30 0
d -201 19 3 -30 -31 0
d 3 -30 -31 -32 -22 0
d 2 -30 3 -31 -32 0
d -4 -30 -19 40 14 0
d -4 -19 -31 -38 40 0
d -4 -19 40 -32 27 0
25 -31 -40 -32 0
d 5 25 -32 -40 -31 0
d 2 25 -31 -32 -40 0
d 25 -36 -32 -40 -31 0
-261 -30 -31 -32 -40 0
d 18 -30 -32 -31 -40 0
d 25 -31 -40 -32 0
264 28 0
-264 27 -15 -197 37 0
d -197 37 28 -15 27 0
265 -12 0
-265 -24 -36 16 28 0
d -12 -24 16 -36 28 0
268 -33 0
-268 8 23 -129 34 0
d -129 8 34 23 -33 0
272 32 0
272 -7 0
-272 37 1 -15 0
d 1 37 32 -15 0
d 1 37 -7 -15 0
-272 -38 -15 -6 0
d -6 32 -38 -15 0
d -6 -7 -38 -15 0
274 40 0
274 -3 0
-274 -28 9 -26 0
d 9 -28 40 -26 0
d -3 -28 9 -26 0
-274 9 -26 32 0
d -274 -28 9 -26 0
d -3 9 32 -26 0
d 197 32 0
d 264 28 0
d 6 35 -27 28 9 0
d 6 35 28 -37 -26 0
d -264 27 -15 -197 37 0
d 27 37 36 28 32 0
d 3 27 -36 15 0
-274 2 -22 13 26 0
d 2 -22 26 40 13 0
d 2 26 -3 -22 13 0
275 -32 0
27 14 -4 -18 0
d -4 -18 27 14 0
-275 14 -18 -4 36 0
d -4 -18 36 -32 14 0
d -15 -18 -4 14 0
d 27 14 -4 -18 0
d 2 -18 36 14 -4 0
d -2 -18 -27 15 5 0
d -2 -18 -22 -27 15 0
-275 -18 36 22 -4 0
d -275 14 -18 -4 36 0
d -4 36 22 -32 -18 0
d -4 -18 22 -31 0
d -18 -21 -40 22 0
d 9 36 -18 22 0
d -9 -18 21 31 -14 0
-275 -26 22 -4 36 0
d -4 36 22 -32 -26 0
d 157 -4 0
d -275 -18 36 22 -4 0
d -4 -26 25 36 22 0
d -24 38 -25 18 0
d 18 38 -35 -25 22 0
277 15 0
31 -37 40 -12 0
d -12 31 40 -14 0
d -12 31 39 40 0
d -12 31 -28 40 0
d -12 31 36 40 0
d -12 -37 31 40 -16 0
d -12 15 -37 40 31 0
d 265 -12 0
d 14 -22 -39 40 -15 0
d 14 -39 40 -15 -32 0
d -265 -24 -36 16 28 0
d -145 -36 16 4 28 0
d 16 -17 -39 40 -36 0
d -5 -36 22 24 -37 0
281 -40 0
-281 3 22 -26 -12 0
d 3 -12 22 -40 -26 0
-14 24 -26 -33 0
d -26 -20 -14 24 0
d 201 24 0
d -14 -33 -40 24 -26 0
d 10 -33 24 -14 -26 0
285 27 0
-1 35 36 -24 0
d 148 36 0
d -1 -24 -6 35 36 0
d -1 -24 36 31 35 0
d -148 35 -24 -1 -22 0
d -4 35 -31 22 0
d -1 -18 -31 22 0
d -1 -20 22 -31 0
d -2 35 6 -31 0
286 -26 0
35 -2 -40 1 0
d -2 35 7 -40 0
d -2 35 -40 38 0
d 1 35 -2 -40 -26 0
d -2 35 -37 -40 0
d -7 -38 26 -40 10 0
-38 -23 -12 22 0
d -12 22 -23 -26 -38 0
d 7 -12 22 -23 -38 0
d 145 -12 0
d -12 22 -23 33 -38 0
d -12 28 22 -23 -38 0
d 272 -7 0
d -258 -7 -28 -30 0
d -7 -28 31 -38 0
d 21 -33 26 30 22 0
d 22 -33 26 30 -37 0
d -2 26 -33 30 -23 0
d -163 -13 30 26 -23 0
d -145 -7 -28 -3 0
-286 -12 -23 22 -40 0
d 213 -12 0
d -38 -23 -12 22 0
d -6 -12 22 -40 -23 0
d -12 22 -23 -40 -26 0
d 15 -23 22 -40 0
d 7 -23 -40 22 0
d 3 -23 -40 22 0
d 19 22 -40 -23 0
d 6 38 -35 -3 0
d -33 35 38 -40 0
290 -33 0
-290 -9 -16 17 0
d -9 17 -33 -16 0
-290 -16 24 17 0
d -16 17 24 -40 0
d -16 17 -33 24 0
d -290 -9 -16 17 0
d 11 17 24 -16 0
d -1 17 -16 24 0
d 1 17 9 -23 40 0
d 1 9 17 19 40 0
d -217 9 -19 -32 24 0
292 -17 0
-292 2 23 -26 0
d 2 23 -17 -26 0
-292 10 -22 -27 0
d 10 -22 -27 -17 0
-292 -27 -22 -26 0
d -6 -22 -27 -26 0
d 6 -24 -27 -39 -10 0
d 6 -10 -27 -39 19 0
d -22 -27 33 -26 0
d -17 -27 -26 -22 0
d -4 -10 -39 6 0
d 6 35 -10 -39 0
d 17 -33 -40 24 0
-292 32 -26 23 0
d -292 2 23 -26 0
d 23 33 -26 32 0
d 234 23 0
d -2 35 6 -37 -26 0
d 35 -15 -2 6 0
295 -25 0
-295 -36 15 -10 0
d -10 15 -25 -36 0
-295 17 -18 34 0
d 17 -18 34 -25 0
-295 -18 34 -32 0
d -295 17 -18 34 0
d 251 34 0
d 239 -32 0
d -18 34 -32 -25 0
d -251 27 -18 -32 0
d -239 22 -18 34 0
d -292 -27 -22 -26 0
d -292 10 -22 -27 0
d 5 -22 -27 -17 0
d -17 39 -27 -22 0
d 3 -22 34 -27 -17 0
-295 -10 9 2 15 0
d 2 -7 -10 9 15 0
d 2 -10 -25 15 9 0
d -295 -36 15 -10 0
d 2 -10 15 28 9 0
d 2 15 -10 26 9 0
d -4 -26 25 36 8 0
d 2 36 -4 -34 9 0
-295 21 9 15 2 0
d -295 -10 9 2 15 0
d 2 21 9 -25 15 0
d 237 2 0
d 2 21 15 28 9 0
d -211 25 4 2 0
d 2 21 9 -11 15 0
d -4 -37 15 11 10 0
d -4 15 11 -22 10 0
d -204 2 -19 -28 0
d 2 37 -4 9 24 0
296 25 0
5 -22 -32 15 0
d 5 15 10 -32 -22 0
d -12 5 15 -22 0
d 5 15 -22 -27 -32 0
d 5 25 15 -32 -22 0
298 -23 0
-298 22 -26 -4 25 0
d -4 -26 25 -23 22 0
300 20 0
-300 -13 25 -3 0
d -3 25 20 -13 0
307 -32 0
-33 39 -1 18 0
d 290 -33 0
d -1 -24 -33 18 39 0
d -1 -33 14 39 18 0
d -1 39 16 -33 18 0
d -1 39 -32 -33 18 0
d 12 -33 -16 24 0
d 131 39 0
d -290 -16 24 17 0
d -1 24 -23 -16 0
d -1 -16 -4 24 0
-307 -1 -22 25 -40 0
d -1 -22 -32 25 -40 0
-307 6 -9 26 -40 0
d 6 -9 26 -40 -32 0
-307 -9 -40 21 26 0
d -307 6 -9 26 -40 0
d -9 21 26 16 -40 0
d -7 21 26 -9 -40 0
-307 25 -40 26 21 0
d 16 21 25 26 -40 0
d -307 -9 -40 21 26 0
d 26 -40 25 21 0
d 21 26 -32 25 -40 0
d 235 -38 0
d 235 5 0
d 2 21 15 -23 32 0
309 15 0
-309 -10 26 12 0
d -10 12 26 15 0
-309 12 26 29 0
d 12 15 26 29 0
310 -15 0
-29 6 13 25 0
d -5 25 -29 6 13 0
d 6 25 -29 13 19 0
d 5 -19 -27 -29 0
d 256 -29 0
d 6 25 28 13 -29 0
d 5 36 -19 -29 0
d 4 5 25 -19 0
d 13 27 -23 -36 0
d -2 6 -16 25 0
d -3 -28 16 -19 0
-310 13 25 40 6 0
d -29 6 13 25 0
d -4 25 6 40 13 0
d 6 25 40 13 -15 0
d 6 25 40 28 13 0
d 211 -28 0
d 4 -28 25 -38 0
7 11 26 -25 -32 0
-34 26 -33 -25 40 0
d -2 -33 40 -25 -34 0
d -229 22 -34 -33 40 0
d -274 2 -22 13 26 0
d 2 -10 -25 26 -22 0
d -127 -22 -3 2 26 0
-33 11 -25 -32 26 40 0
d 224 -33 0
d 7 11 26 -25 -32 0
d -34 26 -33 -25 40 0
d -224 39 19 -25 40 0
d -295 -18 34 -32 0
d -15 -33 39 -25 18 0
d -33 39 -1 18 0
3 -26 -11 -2 -40 25 32 0
-2 -40 -11 -26 25 32 0
d 3 -26 -11 -2 -40 25 32 0
-3 -26 32 25 0
25 32 -26 -40 -11 0
d -3 -26 32 25 0
d -2 -40 -11 -26 25 32 0
d 3 -11 -23 -40 32 0
d 2 25 23 27 -40 0
d -11 25 -12 23 0
-12 -26 -31 -32 -40 3 0
d -281 3 22 -26 -12 0
-22 -31 3 -32 -11 -25 0
d 151 -31 0
d 3 5 -31 -32 -22 0
d 3 -30 -32 -31 0
d -151 -27 3 -22 -32 0
d -245 30 -5 6 0
d 3 -5 -40 30 0
d -5 -20 -32 30 0
3 -11 -26 -32 -40 -25 0
d 3 31 -11 -26 -40 0
d -12 -26 -31 -32 -40 3 0
d -22 -31 3 -32 -11 -25 0
d 3 -26 -40 22 -13 0
2 -26 -32 -40 -31 22 0
d -160 -36 2 -32 -31 0
d 261 2 0
d 2 4 -26 -17 0
d 2 20 25 -31 -32 0
12 22 -26 -32 -25 -40 -31 0
d 2 -26 -32 -40 -31 22 0
d 12 14 -25 13 -26 0
d 12 14 -31 -27 -26 0
22 -40 -31 -26 -25 -11 -32 0
d 12 22 -26 -32 -25 -40 -31 0
d -3 -11 -12 -7 0
d -286 -12 -23 22 -40 0
-31 -26 -25 -32 -11 -40 0
d 160 -40 0
d 22 -40 -31 -26 -25 -11 -32 0
d 5 -31 -32 -22 0
d 261 -22 0
d -261 -30 -31 -32 -40 0
d 155 30 0
d -222 -5 -39 30 0
-7 -25 -3 -40 -11 0
d -3 -11 18 -7 0
d -18 -37 -40 -25 0
-20 -26 -32 11 25 40 0
d 11 -20 40 18 25 0
d -252 25 11 40 -20 0
d 11 -20 -32 24 0
d -3 -20 11 40 -32 0
d -7 -20 11 40 25 0
d 166 -20 0
d 139 40 0
d 3 -18 -20 7 -22 0
d -166 7 -10 3 -18 0
d 3 7 -14 -18 0
d 252 -9 0
11 -32 -26 25 40 0
d 247 11 0
d -20 -26 -32 11 25 40 0
d -222 27 -4 14 0
d -247 -4 -14 31 -5 0
20 40 -26 25 0
d -6 -26 40 20 0
d 211 20 0
d 300 20 0
d 159 40 0
d -211 40 -26 -27 0
d -211 4 -26 40 0
d -300 -13 25 -3 0
d -159 15 20 38 -26 0
27 -4 -26 -201 25 -11 0
d 3 -11 -4 -26 27 0
d -201 12 27 -4 0
d -3 -11 25 -12 0
-4 40 -32 -26 25 0
d 27 -4 -26 -201 25 -11 0
d 6 -26 -11 -38 0
d 5 38 -32 -27 -11 0
40 -32 -26 25 0
d -4 40 -32 -26 25 0
d 11 -32 -26 25 40 0
d 40 -7 -20 25 0
d -5 -20 -32 -39 0
d 7 -20 -36 8 39 0
-11 -32 -26 4 25 0
d 4 5 25 -32 -11 0
d 161 -11 0
d 4 25 -11 -32 35 0
d 4 25 -32 -1 0
34 -26 4 19 25 -35 0
d 4 34 -35 19 -9 0
d 4 -24 34 19 -35 0
d 4 34 -29 -35 19 0
d 175 19 0
d 260 9 0
d 9 -22 29 19 -26 0
d -175 9 29 -26 -36 0
d 9 -26 32 -35 0
d 1 5 9 -35 0
19 -35 -26 -40 4 25 0
d 34 -26 4 19 25 -35 0
d 4 -34 -26 20 0
d 23 -34 -35 -26 0
d 19 -20 -37 -23 0
-35 -32 -26 4 25 0
d 19 -35 -26 -40 4 25 0
d -11 -32 -26 4 25 0
d 2 -19 4 25 0
4 -26 -32 25 0
d -35 -32 -26 4 25 0
d 2 25 4 -32 35 0
-2 -286 -32 25 35 -40 0
d -2 35 22 -40 0
d 35 -2 -40 1 0
35 -26 25 -32 0
d 255 35 0
d 286 -26 0
d -2 -286 -32 25 35 -40 0
d -4 -26 25 36 -15 0
d -255 -22 -32 25 15 0
2 -26 -32 25 0
d 2 -36 -32 -40 25 0
d 185 2 0
d 275 -32 0
d -275 -26 22 -4 36 0
d 1 25 14 36 -5 0
d -5 36 -35 -32 -20 0
d -185 20 -14 -5 11 0
-22 -26 -32 25 0
d 5 -22 -32 25 -40 0
d -307 -1 -22 25 -40 0
d 35 -26 25 -32 0
d 222 -32 0
d -222 -2 -8 -5 0
d -2 -5 38 -40 0
d -2 -16 -5 -40 0
d 1 -11 -5 -40 36 0
d 1 25 -5 -2 -17 0
d 1 -11 -5 -40 -33 0
d -179 -3 33 -36 -5 0
-32 25 -26 0
d 4 -26 -32 25 0
d 40 -32 -26 25 0
d 2 -26 -32 25 0
d -22 -26 -32 25 0
d -38 22 -26 -4 0
d -298 22 -26 -4 25 0
d 207 -4 0
d -2 3 38 -40 0
d -2 22 -32 34 -26 0
d -2 22 -26 -14 -40 0
d -2 11 -32 22 0
d -2 25 22 10 -26 0
d -2 38 -40 -37 0
d 298 -23 0
d -34 25 -15 14 0
-35 32 -26 -40 -11 0
d 164 -35 0
d 23 -26 32 -35 0
d -17 32 -35 -26 0
d -164 28 -25 -15 32 0
d -164 22 -25 -15 32 0
d -22 -28 27 -11 0
-11 -40 -26 -25 -32 0
d -31 -26 -25 -32 -11 -40 0
d 3 -11 -26 -32 -40 -25 0
d -7 -25 -3 -40 -11 0
d -3 -34 -24 27 31 0
34 -32 -26 -25 -40 0
d 22 -38 -32 34 -26 0
d -22 39 -27 -26 0
39 -26 -27 -32 0
d -17 39 -27 -26 0
d -26 39 40 -27 0
d 34 -32 -26 -25 -40 0
-27 -32 -40 -26 -25 0
d 184 -27 0
d -184 -17 -7 10 0
-40 -32 -26 -25 0
d -27 -32 -40 -26 -25 0
d -11 -40 -26 -25 -32 0
d 24 27 -32 -25 0
27 -26 -32 -25 0
d -25 34 -32 27 0
d 201 -32 0
d 4 -26 40 -34 0
d -229 -34 19 -224 40 0
d -26 -4 -19 27 0
31 26 -25 32 40 0
d 31 36 40 32 0
d -9 -36 13 -21 0
d -9 27 -36 13 0
d 13 35 -36 28 0
d 1 -28 21 -36 -27 0
40 -25 32 26 0
d 31 26 -25 32 40 0
d 180 -31 0
-31 26 -25 32 0
d -1 -25 -31 26 0
d 15 -25 -31 26 0
-15 1 -25 -40 32 0
15 -25 26 32 0
d 217 -25 0
d -10 15 -40 -25 0
d 15 -25 26 29 0
d 15 -25 26 -36 0
d 13 -24 31 -25 36 0
d -217 2 15 -6 26 0
d 19 14 18 -25 0
18 -15 -40 -1 26 32 0
d -15 18 34 -40 26 0
d -15 27 26 -40 18 0
d 18 -34 25 32 -27 0
-18 -40 -1 26 32 0
d -1 -18 -31 26 0
d 214 -18 0
d -1 -18 38 26 0
d 11 32 -38 31 -18 0
d 23 31 32 -38 0
d -214 26 -1 19 0
d 258 -38 0
d -272 -38 -15 -6 0
-38 -40 -1 25 26 32 0
-1 -40 25 26 32 0
d -38 -40 -1 25 26 32 0
d -18 -40 -1 26 32 0
d 204 25 0
d -1 38 32 -36 26 0
d -1 38 11 26 0
d 18 -15 -40 -1 26 32 0
d -11 23 -29 18 0
-11 15 -40 25 32 0
d -170 -23 -11 15 32 0
d 1 -33 -40 -11 15 0
d -11 23 25 33 0
15 38 25 26 32 -40 0
d 15 4 32 -14 0
d 1 38 33 -4 -14 0
-15 1 25 -40 32 0
d 1 32 -15 -35 0
d 258 1 0
d 272 32 0
d -258 9 -15 32 0
d -258 -13 32 -15 0
d -272 37 1 -15 0
d 141 -9 0
d 1 -37 -10 35 -40 0
d -141 13 10 25 32 0
-40 26 25 32 0
d 146 -40 0
d -1 -40 25 26 32 0
d -15 1 25 -40 32 0
d 15 38 25 26 32 -40 0
d -11 15 -40 25 32 0
d 16 -38 25 26 -40 0
d -146 11 -39 -38 10 0
d 15 39 -38 -31 -16 0
d -2 -16 7 -40 0
d -180 -16 -5 26 0
d 7 -16 -40 24 0
1 15 25 26 32 0
d 1 32 -13 40 0
d -260 1 40 32 0
d 225 26 0
d 127 40 0
d 2 29 15 32 0
d 15 29 -31 26 0
-10 -1 15 26 32 40 0
d -309 -10 26 12 0
d -248 -16 -10 15 0
d -248 -10 15 -36 0
d -1 25 -10 7 16 0
d -1 -10 16 -9 36 0
d -1 25 -10 -19 16 0
d -1 -10 16 -33 36 0
d 9 -34 -10 26 33 0
d -8 -10 34 32 36 0
d -7 -24 8 -10 15 0
d 6 -29 -10 19 33 0
d -10 29 34 24 -12 0
-12 -1 15 26 32 40 0
d 32 -12 -1 10 0
d 277 15 0
d -1 17 -12 10 32 0
d 245 -31 0
d 31 -37 40 -12 0
d -36 -17 26 15 0
15 25 26 32 0
d 1 15 25 26 32 0
d 309 15 0
d -12 -1 15 26 32 40 0
d -10 -1 15 26 32 40 0
d -309 12 26 29 0
d 12 15 -16 26 0
d 10 37 25 40 13 0
d 163 10 0
d -163 18 -37 -29 26 0
d 15 -28 -29 -37 40 0
d -5 25 -29 28 13 0
d -260 5 -24 10 0
d 21 38 24 -1 0
13 -15 25 32 40 0
d 310 -15 0
d 150 40 0
d -310 13 25 40 6 0
d -150 13 25 -15 -9 0
d -6 9 40 32 0
32 26 25 0
d 254 32 0
d -40 26 25 32 0
d 15 25 26 32 0
d 13 -15 25 32 40 0
d -13 -17 -15 32 0
d -254 -13 -29 40 0
d -13 37 -15 32 0
d 5 17 -37 32 29 0
d -13 -37 14 29 17 0
d -8 17 -37 29 0
d -14 17 21 26 25 0
d 17 -33 -21 29 0
-15 26 25 11 40 0
d -3 11 40 -15 -32 0
d 3 21 -33 26 -15 0
d 11 -15 40 -32 14 0
d -5 37 25 10 -33 0
d -33 5 26 3 0
14 26 25 11 40 0
d -10 14 11 26 0
d 11 14 -16 26 0
d 11 14 38 26 0
d 16 21 -38 25 0
-32 -26 -25 0
d 27 -26 -32 -25 0
d -40 -32 -26 -25 0
d 229 -25 0
d 39 -26 -27 -32 0
d -27 -26 38 40 0
d -6 -26 40 -27 0
d -25 34 -39 -32 0
d -10 -32 -39 -25 0
d 7 -25 -39 -32 0
d -7 31 -38 10 0
d 10 -34 -13 -38 0
d 6 -38 40 -31 13 0
37 -26 -25 -40 0
d 133 37 0
d 281 -40 0
d -33 -40 -14 -27 0
d -14 24 -26 -33 0
d -14 -33 -40 32 15 0
d -34 -24 -26 -25 0
d 285 27 0
d -25 27 -36 34 0
d 18 -24 -33 36 -25 0
d -133 -24 -25 38 -26 0
d -1 35 36 -24 0
-40 -26 -25 0
d 224 -26 0
d 37 -26 -25 -40 0
d -25 35 -37 -40 0
d -155 17 -40 -25 0
d -35 32 -26 -40 -11 0
d -224 -35 11 -17 -25 0
-37 -25 -26 0
d 179 -26 0
d 5 -9 -26 -37 -23 0
d 5 -37 17 -9 0
d -292 32 -26 23 0
d 292 -17 0
-25 -26 0
d -37 -25 -26 0
d -40 -26 -25 0
d -32 -26 -25 0
d 249 32 0
d 14 37 -26 -25 32 0
d 3 36 -33 40 -25 0
d 6 -9 37 -25 -34 0
d -26 -25 40 -5 0
d 5 -36 -14 -25 34 0
6 -26 37 0
d 3 -26 25 6 -4 0
d 129 37 0
d 3 18 6 25 32 0
d 268 -33 0
d 4 37 -18 -23 6 0
d 4 37 -34 -26 0
d -268 8 23 -129 34 0
d -129 10 -33 34 23 0
37 -26 0
d -3 37 32 -26 0
d 244 37 0
d 154 37 0
d 6 -26 37 0
d 3 25 -26 -23 18 0
d 3 -8 -23 -36 0
d 3 11 -33 21 -38 0
d 38 36 -10 -9 0
-6 -26 0
d 154 -6 0
d -6 -26 32 9 0
d -6 23 32 -26 0
d -6 -26 32 40 0
d -154 33 -26 32 0
d -10 -23 -34 -40 -37 0
d -9 27 -23 -37 -26 0
d 16 -23 -19 34 -27 0
-9 -40 -26 -33 0
d 8 -26 25 -9 -33 0
d -9 -26 25 10 -33 0
d -9 25 32 -16 -33 0
d 6 -19 16 -40 -9 0
d -9 25 -23 32 19 0
d -8 23 -10 -26 32 0
-33 -40 -26 0
d -9 -40 -26 -33 0
d 7 -33 9 11 -37 0
d 274 -3 0
-40 -26 0
d -33 -40 -26 0
d 25 32 -26 -40 -11 0
d -3 33 32 -26 0
d 3 -7 25 6 -26 0
d -2 3 6 25 -26 0
d 2 3 7 11 -37 0
25 -26 0
d 37 -26 0
d -6 -26 0
d -40 -26 0
d -32 25 -26 0
d 20 40 -26 25 0
d 155 -37 0
d 274 40 0
d -274 9 -26 32 0
d -155 -31 -9 -20 0
d -9 -20 25 18 -26 0
d -155 19 -20 -9 0
d 6 -18 31 -9 -19 0
-26 0
d -25 -26 0
d 25 -26 0
40 25 -37 0
d 148 -32 0
d 14 26 25 11 40 0
d -5 14 -35 -18 0
-37 25 0
d -14 -37 26 -32 25 0
d 40 25 -37 0
-7 -21 -32 -40 0
d -18 -33 -21 -40 0
d 170 -40 0
d 9 -32 -10 -13 33 0
-40 25 0
d 5 26 -32 25 -40 0
d 307 -32 0
d 168 -5 0
d -307 25 -40 26 21 0
d -7 -21 -32 -40 0
-5 7 25 0
d 248 26 0
d -5 7 26 -17 37 0
d -5 7 -32 -8 0
d -248 8 17 -14 -32 0
5 25 0
d 296 25 0
d 160 25 0
d 5 25 -11 -32 26 0
d 5 -22 -32 15 0
d -160 26 21 -32 5 0
11 -21 25 0
-11 25 0
d -3 37 -11 -7 0
d 3 37 25 -5 -35 0
25 0
d -11 25 0
d 5 25 0
d -40 25 0
d -37 25 0
d 32 26 25 0
d -15 26 25 11 40 0
d 11 -21 25 0
d -5 7 25 0
d -5 37 9 26 15 0
11 -7 -32 21 0
d 295 -25 0
d -33 11 -25 -32 26 40 0
d 170 21 0
d 124 40 0
d 11 -15 40 -32 33 0
d -32 -7 -9 26 0
d 11 26 33 -31 0
d -295 21 9 15 2 0
21 -32 -7 0
d -7 21 -40 -32 26 0
d 172 -7 0
d 11 -7 -32 21 0
d -172 31 -2 26 21 0
d -172 26 22 31 21 0
-11 -7 -32 0
d -7 -11 35 -32 26 0
d -7 18 26 -32 -11 0
d -7 -18 -24 -21 -35 0
d 13 -18 26 -21 0
d -18 26 -25 -31 0
d 1 -6 -21 -32 31 0
d 1 -12 26 -7 24 0
d 1 -10 12 -32 31 0
d 1 -13 26 6 10 0
-7 -32 0
d -11 -7 -32 0
d 21 -32 -7 0
d -2 11 -21 -32 0
d -10 -21 11 26 0
d 11 22 -32 -21 0
d -7 26 -32 10 35 0
d -7 26 -32 -40 10 0
d 2 -22 40 -35 -7 0
-32 0
d -7 -32 0
d 180 7 0
d 7 34 -32 -25 0
d 7 -25 -32 24 0
d 7 -8 26 -25 0
d -180 26 29 -25 0
d 237 -34 0
d -163 -24 -34 -25 -29 0
d 260 -29 0
d 5 -24 -29 -34 0
d -237 -24 10 -29 0
d 163 -33 0
d -260 33 -32 -17 -10 0
d -5 7 26 14 0
d -5 17 33 -14 8 0
0
