-5 23 4 2 0
d 2 -14 23 4 -5 0
d 2 -25 23 4 -5 0
d 2 -28 23 4 -5 0
d 2 13 23 4 -5 0
d 2 24 23 4 -5 0
4 18 -23 3 -5 0
d 3 16 -24 -23 19 0
d 3 -14 16 -5 19 0
d 3 6 16 -5 19 0
d 3 29 16 -5 19 0
d -1 -26 4 -6 0
d -6 -9 -30 14 19 0
d 14 -32 -29 24 0
-5 4 1 2 3 0
d -5 23 4 2 0
d 4 18 -23 3 -5 0
-23 -18 3 2 1 0
d 1 3 -23 -24 -18 0
d 1 3 -23 -11 -18 0
d 1 -8 -23 3 -18 0
25 30 1 23 3 -26 0
d 3 20 25 -26 30 0
d 3 -31 25 23 30 0
d -2 30 23 10 3 0
d 1 -20 19 10 31 0
d -20 21 -26 23 0
-18 -26 1 2 3 4 23 0
d 4 -30 -26 23 0
d 25 30 1 23 3 -26 0
d 4 17 -25 -26 23 0
-18 8 30 3 2 1 4 23 5 0
d 2 8 19 28 -18 0
4 30 26 3 2 1 23 -18 5 0
d 1 -22 16 23 30 0
d -18 8 30 3 2 1 4 23 5 0
d 1 -22 23 -17 30 0
5 -18 3 2 1 4 0
d -23 -18 3 2 1 0
d -18 -26 1 2 3 4 23 0
d 4 30 26 3 2 1 23 -18 5 0
d 1 26 3 22 -18 0
4 23 -30 2 8 -19 0
d -7 -30 23 8 -19 0
d 2 -19 -25 4 23 0
d 2 -19 24 4 23 0
-19 8 2 3 4 5 -30 18 0
d 3 17 -19 18 0
d 3 7 -19 18 0
d 4 23 -30 2 8 -19 0
8 -30 1 2 3 5 4 15 18 0
d 5 15 18 25 8 0
d -19 8 2 3 4 5 -30 18 0
d 8 20 -21 18 -30 0
d 3 21 11 4 8 0
d 15 -16 -30 19 -25 0
d 5 -27 -25 -11 19 0
d 6 -25 -13 16 -7 0
18 23 19 1 3 5 4 15 -30 -8 0
d 4 13 -30 23 0
d -8 -31 -22 19 17 0
-30 19 -8 1 3 5 4 15 18 0
d 18 23 19 1 3 5 4 15 -30 -8 0
d 1 -20 15 19 4 0
d 1 15 19 -17 4 0
15 -30 1 2 3 5 4 18 0
d 8 -30 1 2 3 5 4 15 18 0
d -30 19 -8 1 3 5 4 15 18 0
d -8 -19 18 9 0
d -8 18 -24 -19 0
15 -13 30 3 2 1 4 5 0
d 5 -12 15 30 -13 0
d 5 30 -23 15 -13 0
d 5 15 18 -13 -26 0
d 5 21 15 30 -13 0
d 1 -32 18 30 4 0
5 -26 13 1 2 3 4 15 18 30 0
d 5 28 18 -26 15 0
d 3 20 30 -26 13 0
d 3 -26 10 30 13 0
15 4 5 1 3 2 18 0
d 15 -30 1 2 3 5 4 18 0
d 15 -13 30 3 2 1 4 5 0
d 3 -29 18 4 30 0
d 3 13 30 18 -19 0
d 5 -26 13 1 2 3 4 15 18 30 0
d 2 29 26 3 -17 0
d 2 -31 29 13 26 0
d 2 29 26 13 -21 0
28 -23 -16 1 5 18 0
d 1 25 5 -23 28 0
4 -16 28 1 2 5 18 -15 0
d 28 -23 -16 1 5 18 0
4 28 -15 1 2 3 5 18 26 0
d 4 -16 28 1 2 5 18 -15 0
d 2 -15 16 14 28 0
d 2 -14 7 4 -6 0
4 26 -15 1 2 3 5 18 0
d 1 6 26 3 -15 0
d 1 -7 26 -15 3 0
d 4 28 -15 1 2 3 5 18 26 0
d 4 -28 -12 -6 0
d 5 -32 -6 8 0
-15 -23 -26 1 2 3 0
d 2 -15 8 -23 -26 0
d 2 -12 -15 -23 -26 0
d 1 -15 12 -8 3 0
4 3 2 1 0
d -5 4 1 2 3 0
d 5 -18 3 2 1 4 0
d 15 4 5 1 3 2 18 0
d 4 26 -15 1 2 3 5 18 0
d -15 -23 -26 1 2 3 0
d 4 -15 24 23 0
d 4 13 -15 23 0
-4 3 -23 1 13 0
d 1 -4 12 3 -23 0
d 1 -4 26 -23 3 0
d 1 -24 -4 3 -23 0
d -4 -12 -26 13 24 0
-4 -23 3 1 0
d 1 -4 -13 3 -23 0
d -4 3 -23 1 13 0
30 28 1 3 23 -4 18 0
10 -22 18 1 23 0
d 1 -22 23 10 -32 0
d 1 -22 23 -6 10 0
d 1 7 -22 23 10 0
-4 28 18 1 2 3 0
d 1 -4 28 3 -24 0
d 30 28 1 3 23 -4 18 0
d 1 -4 28 3 -10 0
d 1 6 -4 28 3 0
-4 -7 18 -28 1 3 -30 0
3 13 20 1 2 -4 -30 -28 0
d 2 -28 13 -5 23 0
-4 20 7 1 2 3 -28 -30 0
d 3 13 20 1 2 -4 -30 -28 0
-4 -20 -28 1 7 23 0
d -15 -28 -20 23 0
d -20 -28 21 23 0
d 13 -28 23 -20 0
d -4 -11 7 -21 23 0
d 1 15 -21 23 -17 0
d 1 7 -21 23 10 0
d 7 -21 14 -13 23 0
d -10 -14 -21 11 17 0
-28 -30 1 2 3 -4 18 0
d -4 -7 18 -28 1 3 -30 0
d -4 -20 -28 1 7 23 0
d -4 20 7 1 2 3 -28 -30 0
3 18 13 1 2 -4 23 0
d -4 28 18 1 2 3 0
d -28 -30 1 2 3 -4 18 0
d 8 -28 13 23 0
d 2 -28 13 23 -27 0
d 5 13 20 16 -8 0
3 20 1 2 -4 23 -18 0
23 30 -18 1 2 3 -4 13 0
d 3 20 1 2 -4 23 -18 0
d 13 -20 -15 -18 0
-18 -20 -30 -4 1 2 3 13 23 0
d -10 -20 -18 13 0
d 2 -28 -20 13 23 0
d 11 13 23 -20 0
d 1 -20 -21 19 15 0
-4 13 1 2 3 23 0
d 3 18 13 1 2 -4 23 0
d 23 30 -18 1 2 3 -4 13 0
d -18 -20 -30 -4 1 2 3 13 23 0
d 2 -22 -4 -18 20 0
3 -18 -13 1 -4 23 0
d 1 -4 28 -13 3 0
3 2 1 0
d 4 3 2 1 0
d -4 13 1 2 3 23 0
d 1 22 -4 3 -13 0
d 1 6 -4 -13 3 0
d 3 -18 -13 1 -4 23 0
d 1 -4 -7 3 -13 0
d 7 -22 23 -24 -13 0
18 30 1 -4 -3 -13 2 0
d -4 -17 -13 5 18 0
d 1 -4 5 -13 -7 0
d -4 5 -13 -23 30 0
-30 7 2 23 -3 1 -13 -4 18 28 0
d 1 7 -25 18 0
-4 28 -30 2 -3 1 -13 18 0
d -4 28 -13 15 18 0
d 2 -3 -10 -30 -13 0
d 1 -19 -30 28 12 0
d -30 7 2 23 -3 1 -13 -4 18 28 0
-4 23 -28 -3 1 0
d -3 -28 23 8 0
d -3 -29 23 -28 0
d -3 -12 23 -28 0
18 -4 1 2 -3 -13 0
d 18 30 1 -4 -3 -13 2 0
d -4 28 -30 2 -3 1 -13 18 0
d 2 -3 19 -30 -13 0
-28 2 4 -3 -13 0
d -3 24 4 -28 0
d -3 -6 4 -28 0
d -3 -12 4 -28 0
23 4 -3 -13 0
d -3 -26 4 23 0
d -3 -12 4 23 0
d -3 24 23 4 0
18 -10 28 1 -23 4 -13 0
-3 1 18 2 -13 0
d 18 -4 1 2 -3 -13 0
d -28 2 4 -3 -13 0
d 18 -10 28 1 -23 4 -13 0
d 1 -23 28 -13 -8 0
d 1 -23 28 -13 5 0
d 1 20 -23 -13 28 0
d -22 29 -23 27 28 0
8 -3 -18 23 -13 0
d -3 -12 8 23 0
-18 12 23 -13 0
d 12 -18 -22 -13 23 0
d 12 -18 -13 19 23 0
d 12 29 -13 -18 23 0
d 12 -31 -18 -13 23 0
d -18 -29 -19 22 31 0
-18 23 -3 -13 0
d -18 12 23 -13 0
d -4 23 -28 -3 1 0
d 8 -3 -18 23 -13 0
d 1 6 -4 28 -13 0
d 1 -4 5 -13 28 0
d -6 -10 -18 -12 0
d 1 -6 19 23 10 0
-18 -10 -8 -23 -3 2 0
d -6 -12 -10 -18 9 0
d 2 -3 -7 -23 -10 0
d -6 29 7 -10 -14 0
-18 -8 2 -13 -3 -23 0
d -18 -10 -8 -23 -3 2 0
8 9 2 -3 -13 -23 0
15 -6 -3 8 2 -13 -23 0
d -3 -6 8 25 0
d -3 15 8 -19 -6 0
15 8 2 -3 -13 -23 0
d 15 -6 -3 8 2 -13 -23 0
-3 1 -13 2 0
d -3 1 18 2 -13 0
d 2 -18 -3 -13 19 0
d -18 -8 2 -13 -3 -23 0
d 2 -3 -18 -13 -30 0
d 2 32 8 -13 -18 0
d 2 8 11 -13 -18 0
d 2 -18 -22 -13 8 0
d 8 9 2 -3 -13 -23 0
d 15 8 2 -3 -13 -23 0
d 5 30 -23 -9 -13 0
d -5 -32 -19 25 30 0
13 8 1 2 -3 0
d -3 13 8 23 0
d -3 13 8 -28 0
d -3 13 14 8 0
d -3 13 8 -6 0
d 2 6 8 -23 11 0
31 -5 30 2 1 -8 13 -3 0
d -5 -19 30 -24 0
d 2 -8 24 -5 4 0
31 -23 5 2 -3 30 0
d 2 -3 -23 31 -15 0
d 2 -3 -23 31 6 0
31 30 1 2 13 -3 -8 0
d 31 -5 30 2 1 -8 13 -3 0
d 31 -23 5 2 -3 30 0
d 5 -11 16 -8 13 0
d 1 -16 -19 28 5 0
13 31 -8 1 2 -3 0
d 1 -3 31 2 19 0
d 31 30 1 2 13 -3 -8 0
d 2 -23 -3 -30 31 0
d 2 15 -19 10 -11 0
-30 -11 -4 2 -8 -31 -3 1 13 0
d -4 -11 -14 -31 0
d -4 -11 -31 -21 0
d -8 -32 13 -11 18 0
d 1 21 6 32 -11 0
d 1 21 32 -24 -11 0
d 1 21 -16 -11 14 0
d -6 -31 -11 16 23 0
-4 -30 2 -8 -3 1 -31 13 0
d 2 -3 -18 -30 -4 0
d -30 -11 -4 2 -8 -31 -3 1 13 0
d 1 12 -29 25 -30 0
-30 -31 2 -3 1 -8 13 0
d -4 -30 2 -8 -3 1 -31 13 0
d 2 -31 -8 -9 4 0
30 -9 2 -31 -8 -3 -23 0
d 7 -23 -9 30 -8 0
d 2 -25 30 -8 -9 0
d -8 -31 -23 10 -9 0
d -5 -10 -7 25 -9 0
-31 23 30 13 -3 0
d -3 11 13 23 0
d -3 13 23 -28 0
d -11 -31 30 23 28 0
2 1 0
d 3 2 1 0
d -3 1 -13 2 0
d 13 8 1 2 -3 0
d 13 31 -8 1 2 -3 0
d -30 -31 2 -3 1 -8 13 0
d 30 -9 2 -31 -8 -3 -23 0
d 2 9 -3 -23 -15 0
d -4 5 15 -23 30 0
d 9 30 28 10 0
d -5 -28 -18 9 13 0
13 30 -31 -4 1 -3 -2 0
d 1 -2 -4 14 -23 0
-4 30 -31 -8 -2 1 -3 0
d 13 30 -31 -4 1 -3 -2 0
d 1 -2 6 -13 -4 0
d 1 -2 -4 5 -13 0
d 1 21 -2 -13 -4 0
15 23 -2 -8 -3 0
d -2 -21 15 -8 23 0
d -2 21 -3 -26 0
-4 23 -30 -8 -3 -2 1 0
-4 -3 -31 -8 -2 1 0
d -4 30 -31 -8 -2 1 -3 0
d -3 29 -30 -4 -8 0
d -4 23 -30 -8 -3 -2 1 0
d 1 -7 -4 -29 -2 0
d 1 -13 -4 -29 -2 0
d 13 -29 -14 -23 -25 0
d -2 6 -29 -4 14 0
-23 -24 1 -2 -31 0
d 1 -2 -18 -24 -23 0
24 19 -23 13 -8 -31 0
d 7 -31 -23 19 -8 0
d -8 -31 -23 19 -22 0
d -7 -23 22 -26 24 0
d -7 -14 -23 24 13 0
13 -30 -31 -2 -8 4 0
d 4 -15 13 -30 -31 0
d 4 -31 13 -22 -30 0
d -2 22 13 -8 15 0
-3 -30 -31 -8 -2 1 4 0
d 1 20 -23 -13 -2 0
d 4 -15 -28 24 0
d -8 -28 15 -30 -10 0
4 -13 -2 -8 1 -3 30 0
d 23 4 -3 -13 0
d 1 -13 -23 28 -2 0
d -8 30 -23 -9 -13 0
d 4 17 -18 -5 -8 0
d 4 -25 -18 -5 -8 0
-8 -3 -31 -2 1 0
d -4 -3 -31 -8 -2 1 0
d -3 -30 -31 -8 -2 1 4 0
d 4 -13 -2 -8 1 -3 30 0
d -3 -22 4 13 -31 0
d -3 -6 13 4 0
d -3 -16 4 13 -31 0
d -3 -28 13 4 0
d -3 13 7 4 -31 0
d -3 -31 13 17 4 0
d -31 23 30 13 -3 0
d 11 -31 -20 13 -27 0
-8 13 3 1 -2 -31 4 0
d 13 -30 -31 -2 -8 4 0
d 24 19 -23 13 -8 -31 0
-8 4 3 1 -2 -31 0
d -8 13 3 1 -2 -31 4 0
d 1 6 -8 3 -13 0
d 1 -8 3 -13 -23 0
-8 -31 1 -2 0
d -8 -3 -31 -2 1 0
d -8 4 3 1 -2 -31 0
d -4 29 -28 -30 -8 0
d 1 22 -4 3 -24 0
3 23 7 -2 -31 -30 8 0
d -2 -31 23 3 15 0
d 13 -15 -30 23 0
d -2 -10 5 8 0
d -2 8 -10 -12 0
d -5 -10 -24 -13 14 0
d -10 -15 24 23 -16 0
7 -30 1 -2 -31 3 8 0
d 3 23 7 -2 -31 -30 8 0
d -4 -23 3 1 0
d -16 -20 -30 -23 -25 0
d -23 -24 1 -2 -31 0
d 8 21 -25 24 -23 0
d 8 -25 24 -23 -27 0
d 4 27 -25 -21 20 0
3 -30 1 -2 -31 8 0
d -2 8 -7 -30 0
d 7 -30 1 -2 -31 3 8 0
-30 8 1 -2 -31 0
d 3 -30 1 -2 -31 8 0
d -2 8 25 -30 0
d -2 8 16 -30 0
d 12 -14 -16 -25 0
12 -3 -2 -31 8 30 0
d -2 12 -14 -31 30 0
d -2 8 14 -3 0
-3 8 1 -2 -31 30 0
d -2 -12 8 -3 0
d 12 -3 -2 -31 8 30 0
-31 -2 1 0
d -8 -31 1 -2 0
d -30 8 1 -2 -31 0
d -3 8 1 -2 -31 30 0
d 3 -31 -19 30 0
d 3 -31 30 -26 8 0
d -2 -31 23 3 30 0
d 1 26 -23 -18 3 0
8 24 -2 31 0
d -2 -27 10 -25 24 0
8 -2 1 31 0
d 8 24 -2 31 0
d -2 8 31 -7 0
d -2 8 31 25 0
d -2 27 31 8 0
d -6 8 -17 31 0
-23 18 1 -2 -5 31 0
d -5 -16 18 -23 0
d 10 -25 -27 19 31 0
-10 -2 -8 23 31 0
-8 -15 3 -2 -5 23 31 0
d -10 -2 -8 23 31 0
d 3 -14 -15 -5 -8 0
d 3 -15 -8 -5 -18 0
d 3 -25 -15 -5 -8 0
3 23 1 -2 -5 -8 31 0
d -8 -15 3 -2 -5 23 31 0
d -2 -9 3 23 15 0
d -2 26 23 15 -8 0
d 3 -18 9 -5 31 0
-8 18 1 -2 -5 31 0
d 1 18 30 -5 0
d -23 18 1 -2 -5 31 0
d 3 23 1 -2 -5 -8 31 0
d 15 23 -2 -8 -3 0
d -3 31 -30 26 -8 0
d 1 -15 -16 -29 -8 0
-3 -19 -8 -18 -2 10 31 0
d -3 32 -19 4 10 0
-3 -18 -8 -5 -2 1 10 31 0
d -3 -19 -8 -18 -2 10 31 0
d -3 -27 31 -25 19 0
d -3 -21 -27 19 -18 0
d -2 -3 25 21 0
-3 -18 -8 -5 -2 1 31 0
d -3 -18 -8 -5 -2 1 10 31 0
-5 1 -8 -2 31 0
d -8 18 1 -2 -5 31 0
d -3 -18 -8 -5 -2 1 31 0
d 3 -14 -8 -5 -27 0
d 6 29 -27 -18 20 0
d -8 29 -30 31 14 0
-23 5 1 -2 0
d 1 -2 -4 -23 5 0
d 1 -24 -2 -23 5 0
d 1 -2 5 14 -23 0
d 1 -13 5 -23 -2 0
d -2 -10 -22 5 0
-10 23 -2 -8 31 0
d -10 31 23 -26 0
d -10 24 23 31 0
d -8 -10 18 -24 26 0
5 -18 -2 31 0
d 5 29 -27 -18 10 0
1 0
d 2 1 0
d -31 -2 1 0
d 8 -2 1 31 0
d -5 1 -8 -2 31 0
d -23 5 1 -2 0
d 5 -18 -2 31 0
d 10 -22 18 1 23 0
d -2 22 13 18 -8 0
d -8 18 22 -11 0
d -8 18 22 9 0
d -2 -7 5 -13 -12 0
d 5 18 -13 -17 -9 0
-10 23 -2 31 0
d -10 23 -2 -8 31 0
29 -10 -19 -2 22 31 0
22 -23 18 10 31 0
d 9 22 -23 18 0
18 -3 23 0
d -1 -3 23 18 -26 0
d -1 -3 24 23 0
d -1 -12 -3 23 0
d -3 12 26 -13 -24 0
5 10 18 22 29 31 0
d 22 -23 18 10 31 0
d -1 20 3 5 32 0
22 -19 31 -2 18 29 0
d 29 -10 -19 -2 22 31 0
d 5 10 18 22 29 31 0
d -5 31 -14 23 22 0
d -5 -19 11 25 -24 0
22 7 10 -2 18 19 29 0
d -2 7 23 3 10 0
22 10 32 18 -2 29 31 19 0
d 22 7 10 -2 18 19 29 0
d -1 29 19 18 16 0
d 15 32 22 -16 19 0
d -1 -14 29 19 18 0
d -7 26 -28 -17 14 0
d 3 -7 -15 -30 -17 0
29 32 18 -2 22 19 31 0
d 22 10 32 18 -2 29 31 19 0
22 -10 19 -2 18 31 0
d 4 -10 22 18 -23 0
d -1 32 -23 22 -10 0
d -1 22 -23 -30 -10 0
d -1 -7 22 -23 -10 0
d -2 -10 31 8 0
d 7 29 19 -10 30 0
29 31 -2 18 22 0
d 22 -19 31 -2 18 29 0
d 22 -10 19 -2 18 31 0
d 29 32 18 -2 22 19 31 0
23 -32 18 -2 -31 0
-32 -31 18 -2 22 29 0
23 32 18 -2 -31 0
d 3 -31 20 32 0
22 29 -2 18 0
d 29 31 -2 18 22 0
d -32 -31 18 -2 22 29 0
-29 23 -31 -2 18 0
d 18 -3 23 0
d -2 -31 3 23 -6 0
d -1 32 -31 -29 3 0
d 6 -22 18 19 -31 0
d -1 11 -32 19 0
22 -31 -29 -2 18 0
d -1 -2 -11 -31 22 0
d -16 -23 22 18 0
d -2 11 -29 5 0
d -2 11 19 16 0
-29 23 31 -2 0
22 -2 18 0
d 22 29 -2 18 0
d 22 -31 -29 -2 18 0
d -2 -29 25 31 0
d 18 -20 -25 -29 -23 0
d 13 -25 -29 -23 18 0
d -2 20 -29 31 -13 0
-23 27 -2 18 -22 0
d -2 27 5 -22 -23 0
d -2 27 -22 19 -23 0
-22 32 31 -2 18 -17 0
d -2 6 -22 28 32 0
d 6 32 18 -22 -7 0
d 7 -28 31 18 -24 0
d 6 -23 31 11 -28 0
-17 -22 -2 18 31 0
d -1 31 8 -17 0
d -22 32 31 -2 18 -17 0
d -8 -32 18 -24 31 0
d -8 -32 -12 18 31 0
d 6 -29 24 12 -8 0
d -2 -19 -8 -32 29 0
23 31 18 -2 0
d -1 31 23 8 0
d -1 24 23 31 0
d -10 23 -2 31 0
d -1 -26 23 31 0
d -29 23 31 -2 0
-23 17 31 -2 -22 18 -27 0
d 17 -28 -23 18 31 0
31 -22 -2 18 0
d 23 31 18 -2 0
d -17 -22 -2 18 31 0
d -23 17 31 -2 -22 18 -27 0
23 -31 18 -2 0
d -29 23 -31 -2 18 0
d 23 -32 18 -2 -31 0
d 23 32 18 -2 -31 0
-23 17 -27 -22 -31 -2 18 0
d 17 -19 -23 18 0
18 -19 -17 -22 -31 -23 -2 0
d 9 -19 18 -23 0
d -1 -2 -19 -31 3 0
d -5 -19 18 -23 0
d 5 -9 -23 -24 -17 0
d -2 -9 -11 -27 24 0
d -3 11 5 -9 0
18 -2 0
d 22 -2 18 0
d 31 -22 -2 18 0
d 23 -31 18 -2 0
d -23 27 -2 18 -22 0
d -23 17 -27 -22 -31 -2 18 0
d 18 -19 -17 -22 -31 -23 -2 0
d -2 -12 -22 19 0
d -2 -10 -22 19 0
23 -20 -2 -31 0
23 -2 -31 -18 0
d 23 -20 -2 -31 0
-31 26 -17 10 -23 0
d 10 26 -23 -17 25 0
d -9 -31 26 10 -23 0
d 9 -25 -14 10 0
-12 -18 -27 20 -31 -2 0
12 -14 10 -23 -17 0
d 10 -17 -23 25 12 0
d -9 -23 -17 10 12 0
d 9 -25 -14 12 0
-18 20 -27 -23 -2 -31 0
d -1 20 -18 12 -31 0
d -12 -18 -27 20 -31 -2 0
12 -17 10 -23 0
d 12 -14 10 -23 -17 0
d 10 -17 -23 14 12 0
-18 12 -27 -31 -2 0
d -1 -2 -11 -31 12 0
d -1 -18 -7 -31 12 0
d -1 -31 -18 -13 12 0
d 7 -31 11 13 -27 0
-18 -10 -12 -2 0
d -2 -18 -10 -12 0
-12 6 -31 -27 -23 10 0
d 6 -12 -27 -23 -26 0
d 10 -31 26 14 -23 0
d -9 26 -23 10 16 0
d -31 26 -17 10 -23 0
d -2 13 -14 24 10 0
-18 -31 -27 -2 0
d 23 -2 -31 -18 0
d -18 20 -27 -23 -2 -31 0
d -18 12 -27 -31 -2 0
d -18 -10 -12 -2 0
d -12 6 -31 -27 -23 10 0
d -6 -28 -12 -18 0
d 10 -27 -32 28 -12 0
d 10 -27 -12 28 -15 0
d 10 -12 24 28 -27 0
-20 23 -6 0
d -1 -20 -26 23 0
d -1 -20 11 23 0
d -1 -20 -28 23 0
d -6 26 -20 -11 28 0
31 -6 -20 -18 -27 0
d -1 31 -17 -6 0
d -6 -10 31 -18 0
d -20 23 -6 0
-20 31 -18 -2 -27 0
d 31 -6 -20 -18 -27 0
d 3 29 -20 -17 -24 0
d 10 29 -27 -18 24 0
31 32 20 -2 -18 -27 0
d -1 20 -18 -4 32 0
d 12 29 23 -18 20 0
-18 -27 -2 0
d -18 -31 -27 -2 0
d -20 31 -18 -2 -27 0
d -2 -10 31 -18 0
d -2 -29 31 -18 0
d 31 32 20 -2 -18 -27 0
-32 27 -2 -18 0
d -1 27 -32 19 0
d -1 -32 -26 27 0
d -2 26 -19 -32 -14 0
-2 0
d 18 -2 0
d -18 -27 -2 0
d -32 27 -2 -18 0
d -2 27 31 -18 0
d -2 27 -18 -12 0
31 23 27 0
d -1 31 24 27 0
d -8 26 -24 27 23 0
-18 -23 14 27 0
d -11 27 -23 14 -18 0
d 14 27 -23 -18 30 0
d 2 32 -23 9 0
-18 20 -31 23 0
d 12 -31 -18 23 20 0
d -4 -31 -18 23 20 0
d -1 20 -18 32 -31 0
d -1 20 -18 -27 6 0
-18 27 14 0
d -18 20 -31 23 0
d 14 -32 27 -18 0
d -1 32 -18 -13 -31 0
d -1 32 -18 12 -31 0
d -12 -20 14 22 28 0
23 -13 18 0
d -1 18 2 23 24 0
-31 -13 6 18 14 27 0
d 23 -13 18 0
18 23 13 -31 27 0
d 3 -31 27 -6 23 0
d -1 -21 2 13 4 0
d 3 27 -19 13 18 0
d 3 6 -4 12 28 0
-16 -23 18 0
d -16 17 -23 18 0
18 -31 14 6 27 0
d -31 -13 6 18 14 27 0
d 18 23 13 -31 27 0
d 3 21 13 27 18 0
14 6 27 0
d -18 27 14 0
d 18 -31 14 6 27 0
12 23 27 -6 0
d -6 12 23 -11 -31 0
-10 16 14 12 -6 27 0
12 -31 -23 -6 14 18 27 0
d -16 -23 18 0
d -6 27 12 32 -31 0
d -10 16 14 12 -6 27 0
d -9 16 12 10 18 0
d -1 11 -32 -6 0
d 14 27 -32 24 0
d -1 -28 -6 -32 0
d -11 -32 13 16 28 0
31 10 18 -23 12 27 0
d -16 18 31 17 26 0
12 -6 27 14 0
d -18 -23 14 27 0
d 12 -31 -23 -6 14 18 27 0
d 31 10 18 -23 12 27 0
d -1 27 16 31 0
d -1 31 8 27 0
d -1 31 -26 27 0
d -1 -10 26 12 -24 0
-12 31 27 14 -6 0
d 3 22 -4 16 31 0
d 3 -4 -17 31 22 0
d -8 -12 18 31 14 0
-31 -6 -12 27 0
14 27 0
d 14 6 27 0
d 12 -6 27 14 0
d -1 -12 -3 -6 0
d -12 31 27 14 -6 0
d -1 27 8 -12 0
d -1 -12 4 -6 0
d -1 -12 27 19 0
d 3 27 -31 -6 -29 0
d -4 -8 29 -19 0
-12 23 -6 27 0
d -31 -6 -12 27 0
d 31 23 27 0
-12 -6 -14 27 0
d -1 -12 27 -22 0
d -12 23 -6 27 0
d -7 -14 21 -23 13 0
d -1 -16 22 -23 -7 0
d -7 16 -13 27 10 0
-6 -14 27 0
d -12 -6 -14 27 0
d -1 -14 2 -6 -21 0
d -1 -14 2 -6 7 0
d 12 23 27 -6 0
d -1 -7 21 17 12 0
23 -14 27 0
d -1 -14 23 -5 2 0
d -1 -14 2 18 23 0
d -1 -20 2 -14 23 0
d 5 -14 6 -18 20 0
27 0
d 14 27 0
d -6 -14 27 0
d 23 -14 27 0
d -1 27 4 -9 0
d -1 27 -9 -3 0
-14 23 0
21 6 13 -14 -10 -23 16 0
d -1 -20 -14 16 -9 0
21 16 13 6 -10 -14 0
d -14 23 0
d 21 6 13 -14 -10 -23 16 0
21 13 6 -14 -10 0
d 21 16 13 6 -10 -14 0
23 -14 0
d 2 -14 -27 23 -20 0
d 2 -27 -14 -5 23 0
d 2 -14 18 23 -27 0
d -1 20 -18 -27 5 0
21 -14 6 -10 0
d 6 -14 -16 -23 0
d 21 13 6 -14 -10 0
d 2 -14 7 4 -9 0
-3 -13 -10 6 0
-13 14 6 -10 0
d -3 -13 -10 6 0
d 2 -10 32 -13 14 0
d 2 -10 -24 14 -13 0
-23 21 -10 6 0
d -1 6 -23 -19 -10 0
d -1 21 -23 -7 -10 0
d 2 -3 6 -10 -23 0
d 21 -14 6 -10 0
d -9 -27 -26 19 14 0
d 3 26 16 -23 19 0
21 -10 -9 6 0
d -23 21 -10 6 0
d -13 14 6 -10 0
d 2 -20 13 23 -27 0
d 3 21 -9 13 20 0
6 13 -21 -10 0
d -1 13 -5 2 -21 0
d 5 -27 6 -21 -18 0
6 -10 -9 0
d 21 -10 -9 6 0
d 6 13 -21 -10 0
d 6 -27 -21 30 0
d -1 -21 2 4 -9 0
d -1 -21 2 -9 18 0
d -1 -21 2 -9 -14 0
d -13 32 -16 -21 0
d -3 -18 6 -17 -21 0
3 -13 -9 10 0
d 3 17 -16 10 0
d 10 15 -23 -13 16 0
23 -3 -13 0
d -18 23 -3 -13 0
6 -13 -9 10 0
d 2 17 -24 -13 0
d 3 -13 -9 10 0
d 10 29 17 -27 0
-3 -23 -9 6 10 0
d -1 -28 24 -3 0
d -3 13 7 17 -31 0
d -3 -29 25 24 0
d -3 31 6 29 -27 0
-23 6 -9 10 0
d -3 -23 -9 6 10 0
d 2 7 -27 -16 13 0
d 10 -23 -24 15 16 0
d 3 -9 13 24 15 0
6 -9 0
d 6 -10 -9 0
d 6 -13 -9 10 0
d -23 6 -9 10 0
d -1 17 25 14 3 0
23 13 -9 -6 0
d -1 13 -3 23 0
13 -6 -9 10 0
-6 10 -9 0
d -1 10 2 -17 -9 0
d 13 -6 -9 10 0
-23 17 -6 0
-23 -10 -6 0
d -23 17 -6 0
d 2 32 -29 -23 -10 0
-6 -13 -10 -9 0
d -23 -10 -6 0
d 23 -3 -13 0
d 3 -6 23 14 -9 0
-9 0
d 6 -9 0
d -6 10 -9 0
d -6 -13 -10 -9 0
d -6 -10 -18 13 0
d -6 7 -10 13 -27 0
d 23 13 -9 -6 0
d -1 18 2 -17 -9 0
13 -10 0
d -6 -27 -10 13 9 0
d 9 -27 23 13 -10 0
17 -13 0
-32 -13 -10 -17 0
d -1 -32 8 -17 0
d -1 -6 2 -17 -32 0
d 2 9 -24 -13 0
d -1 -8 -30 14 -10 0
d 2 -8 24 30 -16 0
d -3 9 -17 -8 16 0
d 4 -27 6 -32 30 0
d 3 16 -4 -13 6 0
-10 0
d 13 -10 0
d 2 32 9 -13 0
d 17 -13 0
d -32 -13 -10 -17 0
14 -13 -17 0
d 2 11 -13 14 25 0
-17 -13 0
d -1 -28 2 -17 10 0
d 14 -13 -17 0
d 10 -27 -25 28 0
d 10 -30 25 -11 -17 0
d 2 -12 -30 -23 11 0
-23 17 0
d -1 -27 -23 -7 17 0
d -1 17 -23 -15 -27 0
d 2 7 15 -27 -6 0
-13 0
d -17 -13 0
d -1 -27 14 17 -13 0
d 23 -14 0
23 0
d -1 13 -28 23 0
d 9 -27 13 23 -30 0
d 10 -27 30 28 0
0
