CERTIFICATE stable_tournaments_n8_m2_v1 classes=96
CLASS 830 tournament=251457479 x1=0,1,2,3,4,5,6,7 x2=0,1,2,3,5,6,7,4 y1=1,2,7,3,0,6,5,4 y2=0,5,2,6,4,1,3,7 y3=0,3,1,4,2,5,6,7
CLASS 1456 tournament=268233671 x1=0,1,2,3,4,5,6,7 x2=0,1,2,3,4,5,6,7 y1=0,2,6,3,4,1,5,7 y2=0,1,5,4,3,2,6,7 y3=1,2,7,3,0,4,5,6
CLASS 1463 tournament=249494471 x1=6,7,5,4,3,2,1,0 x2=7,1,3,6,2,4,5,0 y1=7,6,5,4,3,2,1,0 y2=6,4,7,1,5,3,2,0 y3=3,7,2,1,0,6,5,4
CLASS 1480 tournament=249494407 x1=6,7,5,4,3,2,1,0 x2=2,3,5,1,7,4,6,0 y1=6,5,4,3,7,2,1,0 y2=7,5,4,2,6,3,1,0 y3=3,2,1,0,7,6,5,4
CLASS 1481 tournament=249363399 x1=6,7,5,4,3,2,1,0 x2=2,3,5,7,1,4,6,0 y1=7,6,5,4,3,2,1,0 y2=5,4,2,6,3,7,1,0 y3=3,2,7,1,0,6,5,4
CLASS 1497 tournament=268235687 x1=7,5,4,6,3,2,1,0 x2=6,1,2,3,4,5,7,0 y1=5,6,4,3,2,1,0,7 y2=7,4,1,6,5,3,2,0 y3=2,7,6,3,1,0,5,4
CLASS 1500 tournament=266265575 x1=0,1,2,3,4,5,6,7 x2=0,7,1,2,3,4,5,6 y1=1,7,2,6,0,4,5,3 y2=3,0,7,4,1,5,2,6 y3=0,2,1,3,5,4,6,7
CLASS 1504 tournament=251458535 x1=6,5,7,4,3,2,1,0 x2=3,6,7,2,5,1,4,0 y1=6,7,5,4,3,2,1,0 y2=6,5,4,7,3,2,1,0 y3=3,2,7,1,6,0,5,4
CLASS 1506 tournament=201257895 x1=6,7,5,4,3,2,1,0 x2=1,2,3,4,7,5,6,0 y1=4,7,3,2,1,6,0,5 y2=7,6,5,4,3,2,1,0 y3=1,5,2,6,3,0,7,4
CLASS 1509 tournament=199160807 x1=6,7,5,4,3,2,1,0 x2=1,2,3,4,5,6,7,0 y1=6,5,4,3,7,2,1,0 y2=7,4,3,2,1,6,0,5 y3=1,5,2,6,3,7,0,4
CLASS 1519 tournament=251458471 x1=7,5,4,6,3,2,1,0 x2=1,2,3,4,5,6,7,0 y1=4,7,1,5,6,3,2,0 y2=5,4,2,7,6,3,1,0 y3=3,2,1,6,0,7,5,4
CLASS 1520 tournament=251454439 x1=6,5,7,4,3,2,1,0 x2=3,6,7,2,5,1,4,0 y1=7,6,5,4,3,2,1,0 y2=6,5,4,7,3,2,1,0 y3=3,2,1,6,7,0,5,4
CLASS 1523 tournament=201126823 x1=0,1,2,3,4,5,6,7 x2=0,6,1,2,3,4,7,5 y1=0,1,4,2,3,6,5,7 y2=1,0,5,2,7,6,3,4 y3=6,3,2,0,4,7,1,5
CLASS 1525 tournament=199160743 x1=6,7,5,4,3,2,1,0 x2=2,5,1,4,7,0,3,6 y1=6,5,4,3,2,1,0,7 y2=5,7,4,3,2,1,0,6 y3=7,2,1,6,0,5,4,3
CLASS 1526 tournament=199156711 x1=0,1,2,3,4,5,6,7 x2=1,0,2,3,4,7,5,6 y1=0,2,4,1,5,3,7,6 y2=3,1,7,0,5,4,2,6 y3=1,2,6,0,3,4,5,7
CLASS 1527 tournament=199029735 x1=6,7,5,4,3,2,1,0 x2=1,7,2,3,4,5,6,0 y1=7,4,1,5,2,6,3,0 y2=6,5,7,4,3,2,1,0 y3=3,2,1,7,6,0,5,4
CLASS 1533 tournament=268235655 x1=0,1,2,3,4,6,7,5 x2=7,0,6,1,2,3,4,5 y1=0,4,7,1,6,5,3,2 y2=1,2,7,3,0,6,4,5 y3=0,2,6,3,7,1,5,4
CLASS 1536 tournament=266265479 x1=6,5,4,7,3,2,1,0 x2=3,6,2,7,5,1,4,0 y1=6,7,5,4,3,2,1,0 y2=6,5,4,3,7,2,1,0 y3=3,2,1,0,7,6,5,4
CLASS 1539 tournament=251458439 x1=0,1,2,3,4,5,6,7 x2=0,1,2,3,4,5,6,7 y1=0,1,3,2,6,5,4,7 y2=1,0,4,5,2,6,7,3 y3=2,3,0,4,7,1,5,6
CLASS 1599 tournament=268265415 x1=0,1,2,3,4,5,6,7 x2=6,0,1,2,3,4,5,7 y1=0,1,2,5,4,7,6,3 y2=0,3,6,4,2,5,1,7 y3=1,6,2,3,7,0,4,5
CLASS 1606 tournament=249526215 x1=6,7,5,4,3,2,1,0 x2=2,3,6,1,4,5,7,0 y1=6,5,4,3,2,1,7,0 y2=6,4,7,2,5,3,1,0 y3=3,7,2,1,0,6,5,4
CLASS 1618 tournament=268265351 x1=0,1,2,3,4,5,6,7 x2=5,7,0,6,1,2,3,4 y1=1,2,7,5,3,0,4,6 y2=0,6,2,4,3,5,7,1 y3=0,5,1,7,6,3,4,2
CLASS 1625 tournament=249526151 x1=6,7,5,4,3,2,1,0 x2=2,3,6,1,4,5,7,0 y1=6,5,4,3,7,2,1,0 y2=6,4,7,2,5,3,1,0 y3=3,2,1,0,7,6,5,4
CLASS 1627 tournament=199190471 x1=6,7,5,4,3,2,1,0 x2=2,7,3,6,1,4,5,0 y1=6,5,7,4,3,2,1,0 y2=7,6,4,2,5,3,1,0 y3=3,2,1,7,0,6,5,4
CLASS 2198 tournament=266271119 x1=0,1,2,3,4,5,6,7 x2=0,1,2,3,5,6,4,7 y1=0,1,5,2,6,3,4,7 y2=1,4,2,0,3,5,6,7 y3=3,0,7,2,6,1,5,4
CLASS 2203 tournament=251460047 x1=6,5,7,4,3,2,1,0 x2=2,3,4,5,7,1,6,0 y1=6,5,4,7,3,2,1,0 y2=5,2,7,6,3,1,4,0 y3=4,3,2,7,1,0,6,5
CLASS 2208 tournament=199162319 x1=6,7,5,4,3,2,1,0 x2=1,6,0,2,7,3,4,5 y1=6,5,7,4,3,2,1,0 y2=1,0,7,6,5,4,3,2 y3=2,6,3,7,1,4,0,5
CLASS 2217 tournament=266267023 x1=0,1,2,3,4,5,6,7 x2=0,7,1,2,3,4,5,6 y1=0,3,7,2,6,1,4,5 y2=1,2,3,4,0,5,6,7 y3=0,1,7,5,4,2,6,3
CLASS 2220 tournament=251459983 x1=0,1,2,3,4,5,6,7 x2=0,2,3,4,5,1,6,7 y1=2,3,4,0,5,6,7,1 y2=1,0,5,4,2,7,6,3 y3=0,3,2,1,6,4,7,5
CLASS 2221 tournament=251455951 x1=0,1,2,3,4,5,6,7 x2=0,2,4,1,3,5,6,7 y1=0,3,1,5,2,6,4,7 y2=2,1,4,3,7,0,5,6 y3=0,4,2,6,1,5,7,3
CLASS 2226 tournament=199162255 x1=0,1,2,3,4,5,6,7 x2=0,2,3,4,1,6,7,5 y1=0,1,5,2,6,3,7,4 y2=2,3,1,4,0,6,5,7 y3=0,4,3,7,2,6,1,5
CLASS 2227 tournament=199158223 x1=6,7,5,4,3,2,1,0 x2=1,2,3,4,5,6,7,0 y1=5,2,6,3,1,7,4,0 y2=4,3,7,2,1,0,6,5 y3=6,1,5,7,4,3,2,0
CLASS 2228 tournament=199031247 x1=6,7,5,4,3,2,1,0 x2=4,1,7,3,6,2,5,0 y1=7,6,5,4,3,2,1,0 y2=6,1,5,4,3,2,7,0 y3=7,4,3,2,1,0,6,5
CLASS 2290 tournament=266302863 x1=0,1,2,3,4,5,6,7 x2=0,3,4,1,5,2,6,7 y1=4,2,0,3,7,5,1,6 y2=1,0,5,6,3,7,2,4 y3=3,0,1,4,2,6,5,7
CLASS 2295 tournament=251491791 x1=6,7,5,4,3,2,1,0 x2=2,3,4,6,1,5,7,0 y1=4,3,2,1,7,0,6,5 y2=6,5,4,7,3,2,1,0 y3=6,2,7,5,3,1,4,0
CLASS 2309 tournament=266298767 x1=0,1,2,3,4,5,6,7 x2=0,1,3,5,2,6,7,4 y1=1,4,3,0,2,7,6,5 y2=0,3,5,1,6,7,2,4 y3=2,0,1,5,6,3,7,4
CLASS 2312 tournament=251491727 x1=0,1,2,3,4,5,6,7 x2=0,4,1,2,3,5,6,7 y1=3,1,0,6,2,5,4,7 y2=0,1,4,2,3,5,6,7 y3=4,2,0,7,5,1,6,3
CLASS 2313 tournament=251487695 x1=6,7,5,4,3,2,1,0 x2=1,2,3,4,5,6,7,0 y1=5,1,6,4,7,3,2,0 y2=6,2,7,5,3,1,4,0 y3=4,3,2,1,7,0,6,5
CLASS 2317 tournament=199193999 x1=0,1,2,3,4,5,6,7 x2=0,1,2,7,3,5,4,6 y1=0,1,3,2,5,7,4,6 y2=1,4,0,6,7,2,5,3 y3=2,3,0,5,7,1,6,4
CLASS 2320 tournament=184382927 x1=0,1,2,3,4,5,6,7 x2=0,1,7,5,2,4,3,6 y1=0,5,1,4,2,7,6,3 y2=2,1,4,0,5,3,6,7 y3=7,3,0,1,6,2,5,4
CLASS 3452 tournament=248442851 x1=7,6,5,4,3,2,1,0 x2=2,7,1,3,4,5,6,0 y1=4,7,5,3,2,6,1,0 y2=3,7,6,5,4,2,1,0 y3=2,1,7,6,0,5,4,3
CLASS 3641 tournament=265155571 x1=6,5,7,4,3,2,1,0 x2=1,2,4,7,6,3,5,0 y1=7,6,5,4,3,2,1,0 y2=4,3,1,6,5,2,7,0 y3=2,7,1,6,5,0,4,3
CLASS 3666 tournament=267316147 x1=6,7,5,4,3,2,1,0 x2=1,2,3,4,5,7,0,6 y1=7,6,5,4,3,2,1,0 y2=3,2,6,1,5,0,7,4 y3=4,1,7,5,2,0,3,6
CLASS 3670 tournament=265219059 x1=0,1,2,3,4,5,6,7 x2=0,5,1,6,2,7,3,4 y1=1,7,2,0,3,4,5,6 y2=0,1,5,3,2,6,7,4 y3=6,5,0,4,2,3,1,7
CLASS 3672 tournament=250543027 x1=6,7,5,4,3,2,1,0 x2=2,5,1,7,4,6,3,0 y1=7,6,5,4,3,2,1,0 y2=7,5,4,3,2,1,6,0 y3=2,6,1,5,0,4,7,3
CLASS 3674 tournament=250412019 x1=6,5,7,4,3,2,1,0 x2=2,5,1,4,6,3,7,0 y1=6,5,4,7,3,2,1,0 y2=5,4,3,2,1,7,6,0 y3=2,6,7,1,5,0,4,3
CLASS 3813 tournament=250574771 x1=0,1,2,3,4,5,6,7 x2=0,1,7,4,5,2,6,3 y1=5,0,7,3,1,4,2,6 y2=1,6,0,4,7,2,5,3 y3=2,0,4,1,3,7,5,6
CLASS 3814 tournament=250570739 x1=6,5,7,4,3,2,1,0 x2=6,1,2,3,7,4,5,0 y1=6,7,5,4,3,2,1,0 y2=3,6,4,2,5,1,7,0 y3=1,7,6,2,5,0,4,3
CLASS 3890 tournament=265680851 x1=6,7,5,4,3,2,1,0 x2=0,1,2,5,3,4,6,7 y1=0,6,5,4,3,2,7,1 y2=7,5,4,2,1,0,6,3 y3=3,1,6,2,7,5,0,4
CLASS 3918 tournament=265744339 x1=6,7,5,4,3,2,1,0 x2=2,3,4,5,6,7,0,1 y1=4,3,2,6,5,1,7,0 y2=7,5,2,0,6,4,3,1 y3=6,3,7,5,4,2,1,0
CLASS 3937 tournament=250933203 x1=0,1,2,3,4,5,6,7 x2=4,0,1,2,5,3,6,7 y1=1,4,2,7,0,3,6,5 y2=5,0,2,6,3,4,1,7 y3=0,4,1,3,2,5,6,7
CLASS 4085 tournament=265679827 x1=6,7,5,4,3,2,1,0 x2=1,2,3,4,5,6,0,7 y1=1,6,5,2,0,7,4,3 y2=6,4,3,2,7,1,5,0 y3=3,7,5,4,2,1,0,6
CLASS 4102 tournament=265675731 x1=6,7,5,4,3,2,1,0 x2=7,2,5,6,1,3,4,0 y1=7,6,5,4,3,2,1,0 y2=6,3,7,5,4,2,1,0 y3=2,1,7,5,0,6,4,3
CLASS 4110 tournament=184017875 x1=7,6,5,4,3,2,1,0 x2=2,5,6,7,1,3,4,0 y1=6,5,4,7,3,2,1,0 y2=7,6,3,5,4,2,1,0 y3=2,1,5,7,0,6,4,3
CLASS 4124 tournament=265743315 x1=0,1,2,3,4,5,6,7 x2=0,2,7,5,1,3,4,6 y1=2,1,0,3,7,4,5,6 y2=7,0,2,6,3,1,5,4 y3=5,0,4,1,3,2,6,7
CLASS 4141 tournament=265743251 x1=0,1,2,3,4,5,6,7 x2=3,0,2,4,5,7,1,6 y1=1,2,0,6,3,4,5,7 y2=3,5,0,7,2,4,6,1 y3=0,4,3,2,1,7,5,6
CLASS 4181 tournament=265741235 x1=0,1,2,3,4,5,6,7 x2=0,5,1,2,3,4,6,7 y1=1,2,6,0,4,3,7,5 y2=0,1,3,5,7,4,2,6 y3=5,0,2,3,4,1,6,7
CLASS 4419 tournament=267253163 x1=0,1,2,3,4,5,6,7 x2=0,1,2,4,5,6,3,7 y1=0,3,1,2,4,5,6,7 y2=1,6,4,0,5,2,3,7 y3=2,0,7,5,1,4,3,6
CLASS 4423 tournament=265156075 x1=6,5,7,4,3,2,1,0 x2=2,4,7,6,1,3,5,0 y1=7,6,5,4,3,2,1,0 y2=4,3,2,7,1,6,0,5 y3=6,5,2,7,1,4,0,3
CLASS 4448 tournament=267316651 x1=0,1,2,3,4,5,6,7 x2=0,1,2,5,6,3,4,7 y1=0,3,5,1,2,6,4,7 y2=1,4,0,7,2,5,3,6 y3=2,6,0,1,5,3,7,4
CLASS 4452 tournament=265219563 x1=6,5,7,4,3,2,1,0 x2=2,4,7,1,5,6,3,0 y1=7,6,5,4,3,2,1,0 y2=5,4,3,7,2,6,1,0 y3=2,1,6,7,4,0,5,3
CLASS 4721 tournament=251622811 x1=0,1,2,3,4,5,6,7 x2=0,1,5,2,7,3,4,6 y1=2,0,7,5,3,1,6,4 y2=1,5,4,0,7,6,3,2 y3=0,1,2,3,4,6,5,7
CLASS 4724 tournament=249525723 x1=6,7,5,4,3,2,1,0 x2=5,2,7,4,6,1,3,0 y1=6,5,4,3,7,2,1,0 y2=7,6,5,4,3,2,1,0 y3=2,7,5,1,4,0,6,3
CLASS 4750 tournament=250576283 x1=0,1,2,3,4,5,6,7 x2=0,2,3,4,5,1,6,7 y1=4,0,7,2,3,5,6,1 y2=1,0,3,6,2,4,5,7 y3=2,5,0,3,1,4,6,7
CLASS 4755 tournament=200240603 x1=6,7,5,4,3,2,1,0 x2=4,1,5,2,6,3,7,0 y1=6,5,7,4,3,2,1,0 y2=6,5,4,3,2,1,7,0 y3=1,7,4,2,5,0,3,6
CLASS 4803 tournament=260009371 x1=6,5,7,4,3,2,1,0 x2=1,5,2,3,6,4,7,0 y1=6,7,5,4,3,2,1,0 y2=2,1,5,4,0,7,3,6 y3=6,5,3,1,7,4,2,0
CLASS 4806 tournament=257916315 x1=6,5,7,4,3,2,1,0 x2=2,4,1,7,3,5,6,0 y1=7,6,5,4,3,2,1,0 y2=7,4,3,6,2,5,1,0 y3=2,1,5,4,0,6,3,7
CLASS 4808 tournament=257785307 x1=6,7,5,4,3,2,1,0 x2=2,4,7,1,3,5,6,0 y1=7,6,5,4,3,2,1,0 y2=4,3,6,2,7,5,1,0 y3=2,7,1,5,4,0,6,3
CLASS 4886 tournament=267773403 x1=6,5,7,4,3,2,1,0 x2=7,2,4,5,6,1,3,0 y1=6,7,5,4,3,2,1,0 y2=7,6,4,3,5,2,1,0 y3=2,5,1,7,4,0,6,3
CLASS 4921 tournament=251063771 x1=0,1,2,3,4,5,6,7 x2=2,3,0,4,7,1,5,6 y1=3,1,4,7,5,2,0,6 y2=2,0,4,7,6,3,5,1 y3=0,2,1,3,5,6,4,7
CLASS 4943 tournament=267838907 x1=6,5,7,4,3,2,1,0 x2=6,2,4,7,1,5,3,0 y1=6,7,5,4,3,2,1,0 y2=7,6,4,3,5,2,1,0 y3=2,1,6,5,4,0,7,3
CLASS 5029 tournament=249525707 x1=0,1,2,3,4,5,6,7 x2=0,7,4,2,1,3,5,6 y1=0,1,6,4,2,5,3,7 y2=4,7,2,1,0,3,5,6 y3=0,3,7,2,5,1,4,6
CLASS 5047 tournament=249521611 x1=6,7,5,4,3,2,1,0 x2=7,1,2,3,4,5,6,0 y1=7,6,5,4,3,2,1,0 y2=3,1,6,4,7,2,0,5 y3=7,2,5,1,4,0,6,3
CLASS 5163 tournament=265156067 x1=6,5,7,4,3,2,1,0 x2=2,4,6,7,1,3,5,0 y1=6,7,5,4,3,2,1,0 y2=4,3,6,5,2,7,1,0 y3=2,7,1,6,0,5,4,3
CLASS 5172 tournament=183498211 x1=7,6,5,4,3,2,1,0 x2=2,4,6,7,1,3,5,0 y1=6,5,4,7,3,2,1,0 y2=4,7,3,6,5,2,1,0 y3=2,7,1,6,0,5,4,3
CLASS 5188 tournament=267316643 x1=6,7,5,4,3,2,1,0 x2=2,7,4,1,5,6,3,0 y1=7,6,4,5,3,2,1,0 y2=7,5,4,3,2,1,6,0 y3=2,6,1,0,7,5,4,3
CLASS 5192 tournament=265219555 x1=6,5,7,4,3,2,1,0 x2=2,4,7,1,5,6,3,0 y1=7,6,5,4,3,2,1,0 y2=4,5,3,7,2,6,1,0 y3=2,1,6,7,0,5,4,3
CLASS 5197 tournament=248446435 x1=7,6,5,4,3,2,1,0 x2=2,4,1,5,6,7,3,0 y1=6,4,7,5,3,2,1,0 y2=5,4,3,7,2,6,1,0 y3=2,1,7,6,0,5,4,3
CLASS 5251 tournament=257879523 x1=0,1,2,3,4,5,6,7 x2=0,2,1,7,3,5,6,4 y1=0,2,3,1,7,4,5,6 y2=1,7,0,3,5,4,2,6 y3=2,6,0,5,1,4,3,7
CLASS 5282 tournament=256769507 x1=7,6,5,4,3,2,1,0 x2=2,4,1,5,6,7,3,0 y1=7,5,4,3,6,2,1,0 y2=4,6,5,3,2,7,1,0 y3=2,1,7,6,0,5,4,3
CLASS 5713 tournament=266271383 x1=0,1,2,3,4,5,6,7 x2=0,3,5,1,2,6,7,4 y1=0,4,1,5,2,6,3,7 y2=3,5,2,0,6,7,1,4 y3=1,0,3,7,2,6,5,4
CLASS 5740 tournament=267254423 x1=0,1,2,3,4,5,6,7 x2=0,3,1,2,4,5,6,7 y1=1,3,2,5,0,4,6,7 y2=0,3,6,1,4,5,2,7 y3=0,2,7,4,1,5,3,6
CLASS 5747 tournament=250477271 x1=6,7,5,4,3,2,1,0 x2=7,1,2,6,3,4,0,5 y1=6,4,7,1,5,3,2,0 y2=7,6,5,4,3,2,1,0 y3=2,7,1,3,0,6,5,4
CLASS 6413 tournament=266138613 x1=6,5,7,4,3,2,1,0 x2=5,6,1,7,2,3,4,0 y1=5,2,7,6,4,3,1,0 y2=6,7,5,4,3,2,1,0 y3=1,6,5,3,7,0,4,2
CLASS 6536 tournament=266299349 x1=0,1,2,3,4,5,6,7 x2=0,3,7,5,1,2,4,6 y1=5,0,4,3,1,7,2,6 y2=3,7,0,2,5,1,4,6 y3=1,0,6,2,3,7,4,5
CLASS 6537 tournament=266172373 x1=6,7,5,4,3,2,1,0 x2=1,5,7,2,3,4,6,0 y1=7,6,5,4,3,2,1,0 y2=2,1,6,5,3,7,0,4 y3=7,5,4,3,1,0,6,2
CLASS 6553 tournament=266172309 x1=6,7,5,4,3,2,1,0 x2=1,5,7,2,3,4,6,0 y1=2,7,5,4,3,1,0,6 y2=7,6,5,4,3,2,1,0 y3=1,6,5,3,0,7,4,2
CLASS 6623 tournament=267347893 x1=0,1,2,3,4,5,6,7 x2=0,1,3,4,5,2,7,6 y1=5,0,4,2,1,7,3,6 y2=0,3,1,7,2,4,5,6 y3=1,3,6,0,4,2,5,7
CLASS 6624 tournament=267220917 x1=0,1,2,3,4,5,6,7 x2=0,1,5,2,3,4,6,7 y1=0,1,2,5,3,4,6,7 y2=0,2,7,4,5,3,1,6 y3=1,3,6,5,0,4,2,7
CLASS 6746 tournament=266171349 x1=0,1,2,3,4,5,6,7 x2=0,5,1,7,2,3,4,6 y1=5,0,1,2,3,4,7,6 y2=7,0,4,2,1,5,6,3 y3=3,1,0,6,2,5,7,4
CLASS 6763 tournament=266167253 x1=6,7,5,4,3,2,1,0 x2=0,5,7,1,2,3,4,6 y1=7,0,6,5,4,3,2,1 y2=2,7,5,4,3,1,0,6 y3=1,6,5,3,0,7,4,2
CLASS 6772 tournament=199062485 x1=6,7,5,4,3,2,1,0 x2=2,3,4,5,6,0,1,7 y1=6,2,7,5,4,3,1,0 y2=6,5,3,0,7,4,2,1 y3=4,3,2,1,5,7,0,6
CLASS 6773 tournament=184509397 x1=7,6,5,4,3,2,1,0 x2=5,1,2,3,4,6,7,0 y1=6,5,4,7,3,2,1,0 y2=2,5,4,3,1,7,0,6 y3=1,7,6,5,3,0,4,2
CLASS 6789 tournament=251554773 x1=6,7,5,4,3,2,1,0 x2=5,7,1,2,3,4,6,0 y1=5,4,7,3,2,1,0,6 y2=7,2,6,5,4,3,1,0 y3=6,1,7,5,3,0,4,2
CLASS 6811 tournament=198998997 x1=7,6,5,4,3,2,1,0 x2=5,1,2,3,4,6,7,0 y1=6,5,4,3,2,7,1,0 y2=2,7,6,5,4,3,1,0 y3=1,5,3,7,0,4,2,6
CLASS 6877 tournament=198996949 x1=7,6,5,4,3,2,1,0 x2=5,1,2,3,4,6,7,0 y1=5,4,3,2,7,1,0,6 y2=2,7,6,5,4,3,1,0 y3=1,6,5,3,7,0,4,2
SUMMARY classes=96 m2_witnesses=96
