ROW 3 13 39 20 27 0
ROW 4 22 105 57 92 0
ROW 5 34 240 96 158 0
ROW 6 50 492 123 196 0
ROW 7 70 919 138 206 0
ROW 8 95 1607 219 343 0
ROW 9 125 2651 249 373 0
ROW 10 161 4186 457 753 0
ROW 11 203 6353 540 877 0
ROW 12 252 9347 700 1148 0
ROW 13 308 13364 715 1122 0
ROW 14 372 18670 1089 1806 0
ROW 15 444 25525 1057 1670 0
ROW 16 525 34277 1540 2555 0
ROW 17 615 45259 1582 2549 0
ROW 18 715 58912 2126 3537 0
ROW 19 825 75651 2040 3255 0
ROW 20 946 96021 2809 4672 0
ROW 21 1078 120528 2763 4448 0
ROW 22 1222 149832 3768 6314 0
ROW 23 1378 184539 3873 6368 0
ROW 24 1547 225435 4746 7945 0
ROW 25 1729 273235 4430 7131 0
ROW 26 1925 328862 5834 9743 0
ROW 27 2135 393149 5706 9277 0
ROW 28 2360 467167 7253 12146 0
ROW 29 2600 551876 7192 11784 0
ROW 30 2856 648506 8736 14616 0
ROW 31 3128 758153 8545 13962 0
ROW 32 3417 882217 10686 17955 0
ROW 33 3723 1021939 10172 16621 0
ROW 34 4047 1178900 12726 21405 0
ROW 35 4389 1354495 12573 20757 0
ROW 36 4750 1550497 14811 24872 0
ROW 37 5130 1768464 14180 23230 0
ROW 38 5530 2010372 17336 29142 0
ROW 39 5950 2277951 16743 27536 0
ROW 40 6391 2573391 20308 34225 0
ROW 41 6853 2898603 19901 32949 0
ROW 42 7337 3256002 23225 39113 0
ROW 43 7843 3647689 22318 36793 0
ROW 44 8372 4076315 26290 44208 0
ROW 45 8924 4544180 25318 41712 0
ROW 46 9500 5054182 29915 50330 0
ROW 47 10100 5608829 29535 48970 0
ROW 48 10725 6211277 33806 56887 0
ROW 49 11375 6864251 32671 53967 0
ROW 50 12051 7571176 38036 64021 0
ROW 51 12753 8335003 37010 61267 0
ROW 52 13482 9159437 42792 72102 0
ROW 53 14238 10047664 41574 68910 0
ROW 54 15022 11003680 47198 79374 0
ROW 55 15834 12030915 46179 76524 0
ROW 56 16675 13133667 52883 89091 0
ROW 57 17545 14315619 51363 85181 0
ROW 58 18445 15581382 58805 99165 0
ROW 59 19375 16934901 57841 96307 0
ROW 60 20336 18381111 64589 108842 0
ROW 61 21328 19924228 62794 104260 0
ROW 62 22352 21569522 70872 119392 0
ROW 63 23408 23321489 68782 114156 0
ROW 64 24497 25185745 77724 130951 0
ROW 65 25619 27167075 76379 127139 0
ROW 66 26775 29271452 84894 143013 0
ROW 67 27965 31503959 82636 137307 0
ROW 68 29190 33870937 92855 156520 0
ROW 69 30450 36377776 90389 150328 0
ROW 70 31746 39031196 101204 170662 0
ROW 71 33078 41836903 98942 164806 0
ROW 72 34447 44802007 109275 184103 0
ROW 73 35853 47932539 106967 178081 0
ROW 74 37297 51236010 118746 200195 0
ROW 75 38779 54718785 115952 193125 0
ROW 76 40300 58388787 129044 217788 0
ROW 77 41860 62252724 125952 210044 0
ROW 78 43460 66318942 138738 234016 0
ROW 79 45100 70594501 134896 224692 0
ROW 80 46781 75088181 148835 250889 0
ROW 81 48503 79807403 144879 241255 0
ROW 82 50267 84761392 160619 270971 0
ROW 83 52073 89957939 157488 262903 0
ROW 84 53922 95406725 172304 290686 0
ROW 85 55814 101115920 167913 280012 0
ROW 86 57750 107095672 184281 310812 0
ROW 87 59730 113354539 180296 300862 0
ROW 88 61755 119903147 196990 332225 0
ROW 89 63825 126750451 193121 322417 0
ROW 90 65941 133907566 210123 354305 0
ROW 91 68103 141383853 205997 343891 0
ROW 92 70312 149190927 224582 378852 0
ROW 93 72568 157338564 219978 367388 0
ROW 94 74872 165838890 239534 404196 0
ROW 95 77224 174702105 235136 393048 0
ROW 96 79625 183940857 253583 427541 0
ROW 97 82075 193565779 248926 415777 0
ROW 98 84575 203590052 269836 455097 0
ROW 99 87125 214024751 264261 441397 0
ROW 100 89726 224883601 286132 482538 0
ROW 101 92378 236178128 282525 472672 0
ROW 102 95082 247922612 303561 512040 0
ROW 103 97838 260129039 297821 497804 0
ROW 104 100647 272812255 320641 540635 0
ROW 105 103509 285984715 314914 526319 0
ROW 106 106425 299661842 340364 574303 0
ROW 107 109395 313856569 335717 562039 0
ROW 108 112420 328584907 360366 608312 0
ROW 109 115500 343860276 352534 589568 0
ROW 110 118636 359699286 379765 640894 0
ROW 111 121828 376115853 372201 622574 0
ROW 112 125077 393127197 400174 675271 0
TOTAL 3642650 7636614579 11301625 18960600 0
