ROW 3 13 39 20 27 0
ROW 4 22 105 60 98 0
ROW 5 34 240 103 172 0
ROW 6 50 492 133 216 0
ROW 7 70 919 148 226 0
ROW 8 95 1607 233 371 0
ROW 9 125 2651 263 401 0
ROW 10 161 4186 494 827 0
ROW 11 203 6353 579 955 0
ROW 12 252 9347 761 1270 0
ROW 13 308 13364 767 1226 0
ROW 14 372 18670 1198 2024 0
ROW 15 444 25525 1129 1814 0
ROW 16 525 34277 1658 2791 0
ROW 17 615 45259 1732 2849 0
ROW 18 715 58912 2304 3893 0
ROW 19 825 75651 2180 3535 0
ROW 20 946 96021 3050 5154 0
ROW 21 1078 120528 2987 4896 0
ROW 22 1222 149832 4155 7088 0
ROW 23 1378 184539 4197 7016 0
ROW 24 1547 225435 5147 8747 0
ROW 25 1729 273235 4746 7763 0
ROW 26 1925 328862 6310 10695 0
ROW 27 2135 393149 6140 10145 0
ROW 28 2360 467167 7914 13468 0
ROW 29 2600 551876 7755 12910 0
ROW 30 2856 648506 9481 16106 0
ROW 31 3128 758153 9222 15316 0
ROW 32 3417 882217 11647 19877 0
ROW 33 3723 1021939 10891 18059 0
ROW 34 4047 1178900 13746 23445 0
ROW 35 4389 1354495 13576 22763 0
ROW 36 4750 1550497 16092 27434 0
ROW 37 5130 1768464 15290 25450 0
ROW 38 5530 2010372 18883 32236 0
ROW 39 5950 2277951 18023 30096 0
ROW 40 6391 2573391 22028 37665 0
ROW 41 6853 2898603 21427 36001 0
ROW 42 7337 3256002 25206 43075 0
ROW 43 7843 3647689 23921 39999 0
ROW 44 8372 4076315 28419 48466 0
ROW 45 8924 4544180 27271 45618 0
ROW 46 9500 5054182 32532 55564 0
ROW 47 10100 5608829 31831 53562 0
ROW 48 10725 6211277 36661 62597 0
ROW 49 11375 6864251 35111 58847 0
ROW 50 12051 7571176 41196 70341 0
ROW 51 12753 8335003 39701 66649 0
ROW 52 13482 9159437 46210 78938 0
ROW 53 14238 10047664 44613 74988 0
ROW 54 15022 11003680 51113 87204 0
ROW 55 15834 12030915 49660 83486 0
ROW 56 16675 13133667 57215 97755 0
ROW 57 17545 14315619 55192 92839 0
ROW 58 18445 15581382 63543 108641 0
ROW 59 19375 16934901 62126 104877 0
ROW 60 20336 18381111 69714 119092 0
ROW 61 21328 19924228 67386 113444 0
ROW 62 22352 21569522 76640 130928 0
ROW 63 23408 23321489 74070 124732 0
ROW 64 24497 25185745 84203 143909 0
ROW 65 25619 27167075 82163 138707 0
ROW 66 26775 29271452 91763 156751 0
ROW 67 27965 31503959 88745 149525 0
ROW 68 29190 33870937 100341 171492 0
ROW 69 30450 36377776 96866 163282 0
ROW 70 31746 39031196 109014 186282 0
ROW 71 33078 41836903 106285 179492 0
ROW 72 34447 44802007 118104 201761 0
ROW 73 35853 47932539 114914 193975 0
ROW 74 37297 51236010 128206 219115 0
ROW 75 38779 54718785 124290 209801 0
ROW 76 40300 58388787 138990 237680 0
ROW 77 41860 62252724 134942 228024 0
ROW 78 43460 66318942 149372 255284 0
ROW 79 45100 70594501 144724 244348 0
ROW 80 46781 75088181 160472 274163 0
ROW 81 48503 79807403 155733 262963 0
ROW 82 50267 84761392 173677 297087 0
ROW 83 52073 89957939 169252 286431 0
ROW 84 53922 95406725 186018 318114 0
ROW 85 55814 101115920 180073 304332 0
ROW 86 57750 107095672 198518 339286 0
ROW 87 59730 113354539 193362 326994 0
ROW 88 61755 119903147 212421 363087 0
ROW 89 63825 126750451 207369 350913 0
ROW 90 65941 133907566 226663 387385 0
ROW 91 68103 141383853 221169 374235 0
ROW 92 70312 149190927 241961 413610 0
ROW 93 72568 157338564 235684 398800 0
ROW 94 74872 165838890 257520 440168 0
ROW 95 77224 174702105 252187 427150 0
ROW 96 79625 183940857 272820 466015 0
ROW 97 82075 193565779 267315 452555 0
ROW 98 84575 203590052 290933 497291 0
ROW 99 87125 214024751 283894 480663 0
ROW 100 89726 224883601 308668 527610 0
ROW 101 92378 236178128 303360 514342 0
ROW 102 95082 247922612 327096 559110 0
ROW 103 97838 260129039 319057 540276 0
ROW 104 100647 272812255 344890 589133 0
ROW 105 103509 285984715 337880 572251 0
ROW 106 106425 299661842 366653 626881 0
ROW 107 109395 313856569 360492 611589 0
ROW 108 112420 328584907 388208 663996 0
ROW 109 115500 343860276 377876 640252 0
ROW 110 118636 359699286 408566 698496 0
ROW 111 121828 376115853 398711 675594 0
ROW 112 125077 393127197 430233 735389 0
TOTAL 3642650 7636614579 12157453 20672256 0
