14
0 7 11 1 5 2 206 44 360 30 36 24 22 13 11 7 3 745 1517 2254 4453 7371 17545 43621 260281
0 7 11 1 9 2 211 44 120 36 32 24 20 13 11 7 3 745 1517 2254 4453 7371 17545 43621 260281
0 7 11 2 9 2 205 44 240 48 32 24 22 14 11 7 3 745 1517 2254 4453 7371 17545 43621 260281
0 11 1 1 1 2 206 44 360 30 36 24 22 13 11 7 3 745 1517 2254 4453 7371 17545 43621 260281
0 11 1 1 9 2 211 44 120 36 32 24 20 13 11 7 3 745 1517 2254 4453 7371 17545 43621 260281
0 11 1 2 9 2 205 44 240 48 32 24 22 14 11 7 3 745 1517 2254 4453 7371 17545 43621 260281
5 2 1 1 0 7 205 32 120 39 34 21 22 12 11 7 3 589 1476 2234 4331 7371 17545 43621 260281
5 2 1 1 12 7 205 32 120 39 34 21 22 12 11 7 3 589 1476 2234 4331 7371 17545 43621 260281
5 7 11 2 9 2 205 12 240 42 28 21 20 14 10 7 3 775 1517 2254 4453 7371 17545 43621 260281
5 7 11 2 9 10 205 12 80 42 28 21 20 14 10 7 3 775 1517 2254 4453 7371 17545 43621 260281
5 10 11 1 0 7 205 32 120 39 34 21 22 12 11 7 3 589 1476 2234 4331 7371 17545 43621 260281
5 10 11 1 12 7 205 32 120 39 34 21 22 12 11 7 3 589 1476 2234 4331 7371 17545 43621 260281
5 11 1 2 9 2 205 12 240 42 28 21 20 14 10 7 3 775 1517 2254 4453 7371 17545 43621 260281
5 11 1 2 9 10 205 12 80 42 28 21 20 14 10 7 3 775 1517 2254 4453 7371 17545 43621 260281
