00000000100001111111111
10000000111111111100000
11011100111110000000000
11001100111110000010000
11000111000001111110000
11000011000001111110000
11110001000000000011111
11110000100000000011111
00001110011111111000000
10001111001111111100000
10001111000111111100000
10001111000011111100000
10001111000001111100000
00110011000000111111111
00110011000000011111111
00110011000000001111111
00110011000000000111111
00110011100000000011111
01100000111110000001111
01111100111110000000111
01111100111110000000011
01111100111110000000001
01111100111110000000000
