312322013
320213213
320213213
320213213
320213213
320213213
320213213
320213213
320233211
320233211
213233012
213233012
310233122
310233122
310233122
310233122
310233122
322331021
322331021
322331120
322331120
322331120
322331020
322331021
322331021
322331120
322331120
322331120
322331020
322331020
320330122
320330211
320330211
213230210
213230210
213230210
213230210
213230210
213230210
213230210
213230011
213230011
213230011
213230012
213230012
213230012
213230012
213230011
213230011
312330120
312330120
312330120
312330020
312330021
312330021
312330120
312330120
312330120
312330020
312330020
310330122
310330122
310330211
310330211
310330211
310330121
310330122
310330122
310330122
312330120
312330120
312330120
312330120
312330120
312330120
312330120
310330211
310330211
310330211
310330121
312330021
312330021
312330021
312330021
312330021
312330021
312330021
213230012
213230012
213230210
213230210
213230210
213230010
213230011
213230011
213230211
213230211
213230211
213230211
213230011
213230011
213230011
213230011
213230012
213230012
213230011
213230011
213230012
213230012
310230122
310230122
310230122
312330120
312330120
312330021
312330021
312330120
312330120
312330120
312330020
213032032
213032230
213032230
213032231
213032231
213032231
213032231
213032231
213032231
213032231
213032032
213032032
213032132
213032132
213032132
213032132
213032132
213032031
213032031
213032130
213032130
213032130
213032030
213032031
213032031
213032130
213032130
213032130
213032030
213032030
213032132
213032231
213032231
213032230
213032230
213032230
213032230
213032230
213032230
213032230
213032031
213032031
213032031
213032032
213032032
213032032
213032032
213032031
213032031
213032130
213032130
213032130
213032030
213032031
213032031
213032130
213032130
213032130
213032030
213032030
213230132
213230132
213230231
213230231
213230231
213230131
213230130
213230130
213230130
213230130
213230130
213230130
213230130
213230130
213230130
213230130
213230230
213230230
213230230
213230130
213230031
213230031
213230031
213230031
213230031
213230031
213230031
213230032
213230032
213230230
213230230
213230230
213230030
213230031
213230031
213230231
213230231
213230231
213230231
213230031
213230031
213230031
213230031
213230032
213230032
213230031
213230031
213230032
213230032
213230132
213230132
213230132
213230130
213230130
213230031
213230031
213230130
213230130
213230130
213230030
233011032
233011032
233011230
233011230
233011230
233011030
213032031
213032031
213032231
213032231
213032231
213032231
213032231
213032231
213032031
213032231
213032231
213032231
213032231
213032031
213032032
213032032
213032132
213032132
213032132
213032132
213032132
213032031
213032031
213032130
213032130
213032130
213032030
213032031
213032031
213032130
213032130
213032130
213032030
213032030
213032032
213032032
213032132
213032132
213032132
213032130
213032130
213032031
213032031
213032130
213032130
213032130
213032030
213032030
213032031
213032031
213032130
213032130
213032130
213032030
213032132
213032132
213032231
213032231
213032231
213032131
213032130
213032130
213032130
213032230
213032230
213032230
213032230
213032230
213032130
213032130
213032230
213032230
213032230
213032130
213032031
213032031
213032031
213032032
213032032
213032032
213032032
213032031
213032031
213032130
213032130
213032130
213032030
213032031
213032031
213032130
213032130
213032130
213032030
213032030
213032031
213032031
213032031
213032032
213032032
213032031
213032031
213032031
213032031
213032130
213032130
213032130
213032030
213032030
213032031
213032031
213032130
213032130
213032130
213032030
210330132
210330132
210330231
210330231
210330231
210330131
210330132
210330132
210330132
233011230
233011230
233011230
210330132
210330132
210330132
210330131
210330231
210330231
210330231
210330131
233011032
233011032
233011032
210330231
210330231
210330231
233011032
233011032
233011032
233011230
233011230
233011230
233011030
233011032
233011032
233011230
233011230
233011230
233011230
233011030
233011032
233011032
233011032
233011032
233011032
210330231
210330231
233011032
233011032
210330132
210330132
210330132
233011230
233011230
233011232
233011032
210330132
210330132
210330131
233011030
213032132
213032132
213032231
213032231
213032231
213032131
213032130
213032130
213032130
213032130
213032130
213032130
213032130
213032130
213032130
213032130
213032230
213032230
213032230
213032230
213032231
213032031
213032031
213032031
213032031
213032031
213032031
213032032
213032032
213032230
213032230
213032230
213032030
213032031
213032031
213032231
213032231
213032231
213032231
213032231
213032031
213032031
213032031
213032032
213032032
213032032
213032032
213032032
213032032
213032132
213032132
213032132
213032132
213032132
213032031
213032031
213032130
213032130
213032130
213032030
023231032
023231032
023231230
023231230
023231230
023231030
023231031
023231031
023231231
023231231
023231231
023231231
023231231
023231231
023231031
023231231
023231231
023231231
023231231
023231031
023231032
023231032
023231132
023231132
023231132
023231132
023231132
023231031
023231031
023231130
023231130
023231130
023231030
023231031
023231031
023231130
023231130
023231130
023231030
023231030
023231032
023231032
023231132
023231132
023231132
023231130
023231130
023231031
023231031
023231130
023231130
023231130
023231030
023231030
023231031
023231031
023231130
023231130
023231130
023231030
023230132
023230132
023230231
023230231
023230231
023230131
023230130
023230130
023230130
023230230
023230230
023230230
023230230
023230230
023230130
023230130
023230230
023230230
023230230
023230130
023230031
023230031
023230031
023230032
023230032
023230032
023230032
023230031
023230031
023230130
023230130
023230130
023230030
023230031
023230031
023230130
023230130
023230130
023230030
023230030
023230031
023230031
023230031
023230032
023230032
023230031
023230031
023230031
023230031
023230130
023230130
023230130
023230030
023230030
023230031
023230031
023230130
023230130
023230130
023230030
023230132
023230132
023230231
023230231
023230231
023230131
023230130
023230130
023230130
023230130
023230130
023230130
023230130
023230130
023230130
023230130
023230230
023230230
023230230
023230130
023230031
023230031
023230031
023230031
023230031
023230031
023230031
023230032
023230032
023230230
023230230
023230230
023230030
023230031
023230031
023230231
023230231
023230231
023230231
023230031
023230031
023230031
023230031
023230032
023230032
023230031
023230031
023230032
023230032
023230132
023230132
023230132
023230130
023230130
023230031
023230031
023230130
023230130
023230130
023230030
023230132
023230132
023230231
023230231
023230231
023230131
023230130
023230130
023230130
023230130
023230130
023230130
023230130
023230130
023230130
023230130
023230230
023230230
023230230
023230230
023230231
023230031
023230031
023230031
023230031
023230031
023230031
023230032
023230032
023230230
023230230
023230230
023230030
023230031
023230031
023230231
023230231
023230231
023230231
023230231
023230031
023230031
023230031
023230032
023230032
023230032
023230032
023230032
023230032
023230132
023230132
023230132
023230132
023230132
023230031
023230031
023230130
023230130
023230130
023230030
023231032
023231032
023231230
023231230
023231230
023231030
023231031
023231031
023231231
023231231
023231231
023231231
023231231
023231231
023231031
023231231
023231231
023231231
023231231
023231031
023231032
023231032
023231132
023231132
023231132
023231132
023231132
023231031
023231031
023231130
023231130
023231130
023231030
023231031
023231031
023231130
023231130
023231130
023231030
023231030
023231032
023231032
023231132
023231132
023231132
023231130
023231130
023231031
023231031
023231130
023231130
023231130
023231030
023231030
023231031
023231031
023231130
023231130
023231130
023231030
023230132
023230132
023230231
023230231
023230231
023230131
023230130
023230130
023230130
023230230
023230230
023230230
023230230
023230230
023230130
023230130
023230230
023230230
023230230
023230130
023230031
023230031
023230031
023230032
023230032
023230032
023230032
023230031
023230031
023230130
023230130
023230130
023230030
023230031
023230031
023230130
023230130
023230130
023230030
023230030
023230031
023230031
023230031
023230032
023230032
023230031
023230031
023230031
023230031
023230130
023230130
023230130
023230030
023230030
023230031
023230031
023230130
023230130
023230130
023230030
023230132
023230132
023230231
023230231
023230231
023230131
023230130
023230130
023230130
023230130
023230130
023230130
023230130
023230130
023230130
023230130
023230230
023230230
023230230
023230130
023230031
023230031
023230031
023230031
023230031
023230031
023230031
023230032
023230032
023230230
023230230
023230230
023230030
023230031
023230031
023230231
023230231
023230231
023230231
023230031
023230031
023230031
023230031
023230032
023230032
023230031
023230031
023230032
023230032
023230132
023230132
023230132
023230130
023230130
023230031
023230031
023230130
023230130
023230130
023230030
023230132
023230132
023230231
023230231
023230231
023230131
023230130
023230130
023230130
023230130
023230130
023230130
023230130
023230130
023230130
023230130
023230230
023230230
023230230
023230230
023230231
023230031
023230031
023230031
023230031
023230031
023230031
023230032
023230032
023230230
023230230
023230230
023230030
023230031
023230031
023230231
023230231
023230231
023230231
023230231
023230031
023230031
023230031
023230032
023230032
023230032
023230032
023230032
023230032
023230132
023230132
023230132
023230132
023230132
023230031
023230031
023230130
023230130
023230130
023230030
023031032
023031032
023031230
023031230
023031230
023031030
023031031
023031031
023031231
023031231
023031231
023031231
023031231
023031231
023031031
023031231
023031231
023031231
023031231
023031031
023031032
023031032
023031132
023031132
023031132
023031132
023031132
023031031
023031031
023031130
023031130
023031130
023031030
023031031
023031031
023031130
023031130
023031130
023031030
023031030
023031032
023031032
023031132
023031132
023031132
023031130
023031130
023031031
023031031
023031130
023031130
023031130
023031030
023031030
023031031
023031031
023031130
023031130
023031130
023031030
013032132
013032132
013032231
013032231
013032231
013032131
013032130
013032130
013032130
013032230
013032230
013032230
013032230
013032230
013032130
013032130
013032230
013032230
013032230
013032130
013032031
013032031
013032031
013032032
013032032
013032032
013032032
013032031
013032031
013032130
013032130
013032130
013032030
013032031
013032031
013032130
013032130
013032130
013032030
013032030
013032031
013032031
013032031
013032032
013032032
013032031
013032031
013032031
013032031
013032130
013032130
013032130
013032030
013032030
013032031
013032031
013032130
013032130
013032130
013032030
023031132
023031132
023031231
023031231
023031231
023031131
023031130
023031130
023031130
023031130
023031130
023031130
023031130
023031130
023031130
023031130
023031230
023031230
023031230
023031130
023031031
023031031
023031031
023031031
023031031
023031031
023031031
023031032
023031032
023031230
023031230
023031230
023031030
023031031
023031031
023031231
023031231
023031231
023031231
023031031
023031031
023031031
023031031
023031032
023031032
023031031
023031031
023031032
023031032
023031132
023031132
023031132
023031130
023031130
023031031
023031031
023031130
023031130
023031130
023031030
023031132
023031132
023031231
023031231
023031231
023031131
023031130
023031130
023031130
023031130
023031130
023031130
023031130
023031130
023031130
023031130
023031230
023031230
023031230
023031230
023031231
023031031
023031031
023031031
023031031
023031031
023031031
023031032
023031032
023031230
023031230
023031230
023031030
023031031
023031031
023031231
023031231
023031231
023031231
023031231
023031031
023031031
023031031
023031032
023031032
023031032
023031032
023031032
023031032
023031132
023031132
023031132
023031132
023031132
023031031
023031031
023031130
023031130
023031130
023031030
033012012
033012012
033012210
033012210
033012210
033012010
033002211
033002211
033002211
033002211
033002211
033002211
033002211
033002211
033012012
033012210
033012210
033012210
033012210
033012010
033012012
033012012
033001122
033001122
033001122
033001122
033001122
320201321
320201121
322011320
322011020
322001121
322011020
023011022
023011022
023001122
023001122
023001122
023011022
023011022
023011022
023011022
023001122
023001122
023001122
033012210
033012210
033002211
033002211
033012210
033012210
033012210
033012210
033012210
033002211
033012012
033001122
033001122
033001121
033011020
033200122
033200122
033200211
033200211
033200211
033200121
033210210
033210210
033210210
033210210
033210210
033210210
033210210
033210210
033200122
033200121
033200211
033200211
033200211
033200121
033210022
033210022
033210022
033210022
033210022
033210022
033210022
310200321
310200121
322013320
322013020
322003121
322013020
023013022
023013022
023003122
023003122
023003122
023013022
023013022
023013022
023013022
023013022
023013022
023013022
023003211
023003211
023003211
023003211
023013210
023013210
023013210
023013210
023013210
023003211
023013012
023003122
023003122
023003121
023013020
023003122
023003122
023003211
023003211
023003211
023003121
023003122
023003122
023003122
023013210
023013210
023013210
023003122
023003122
023003122
023003121
023003211
023003211
023003211
023003121
023013022
023013022
023013022
023003211
023003211
023003211
023013012
023013012
023013012
023013210
023013210
023013210
023013010
023013012
023013012
023013210
023013210
023013210
023013210
023013010
023013012
023013012
023013012
023013012
023013012
023003211
023003211
023013012
023013012
023003122
023003122
023003122
023013210
023013210
023003211
023013012
023003122
023003122
023003121
023013020
023200122
023200122
023200211
023200211
023200211
023200121
023200122
023200122
023200122
023210210
023210210
023210210
023200122
023210210
023210210
023210210
023210210
023210210
023210210
023210210
023200211
023210012
023210012
023200211
023200211
023200211
023210012
023210012
023210012
023210210
023210210
023210210
023210010
023200211
023200211
023200211
023200211
023200211
023200211
023200211
023210012
023210012
023210012
023210012
023210012
023210012
023210012
023210012
023210012
023200122
023200122
023200122
023200122
023200122
320200321
320200121
322011320
322011020
322001121
322011020
123113022
123113022
122113320
122113020
320113212
322113010
312123011
312123011
310133211
310133211
310133211
310133211
310133211
310133211
312133011
310133211
310133211
310133211
310133211
312133011
322113013
322113013
312123123
312123123
312123123
312123120
312123120
312123021
312123021
312123123
312123123
312123121
312123021
312123021
312123021
312123120
312123120
312123120
312123020
312123020
312123023
312123023
312123123
312123123
312123123
312123123
312123123
312123023
312123023
312123123
312123123
312123123
312123023
312123023
312123021
312123021
312123120
312123120
312123120
312123020
312123123
312123123
320113213
320113213
320133211
320133121
310123123
310123123
310123123
320113213
320113213
320133211
320133211
320133212
320133122
320133121
320133211
320133211
320133211
320133121
322133021
322133021
322133021
322113023
322113023
312123021
312123021
312123021
312123021
312123123
312123123
312123121
312123021
312123021
312123021
312123120
312123120
312123120
312123020
312123020
312123021
312123021
312123021
312123023
312123023
312123023
312123023
312123023
312123023
312123123
312123123
312123123
312123023
312123023
312123021
312123021
312123120
312123120
312123120
312123020
312123123
312123123
320113213
320113213
320133211
320133121
320133122
320133122
320133122
310123123
310123123
310133122
310133122
310133122
310133122
310133121
310133211
310133211
310133211
310133121
312133021
312133021
312133021
312133021
312133021
312133021
312133021
322113023
322113023
320113213
320113213
320113212
322113010
312123011
312123011
310133211
310133211
310133211
310133211
312133011
312133011
312133011
312133011
322113013
322113013
322113013
322113013
322113013
322113013
312123123
312123123
312123123
312123123
312123123
312123021
312123021
312123120
312123120
312123120
312123020
312120123
312120123
320110213
320110213
320130211
320130121
320130122
320130122
320130122
310120123
310120123
310130122
310130122
310120123
310120123
310120123
320110213
320110213
320130211
320130211
320130211
322130011
322130011
322130011
322130011
322130011
322130011
322110013
322110013
320110213
320110213
320110212
322110010
312120011
312120011
310130211
310130211
310130211
310130211
310130211
312130011
312130011
312130011
322110013
322110013
312120011
312120011
312120013
312120013
312120123
312120123
312120123
312120120
312120120
312120021
312120021
312120123
312120123
312120121
312120021
312023023
312023023
123033200
123033200
123033200
123033020
123033021
123033021
123033201
123033201
123033201
123033201
123033201
123033201
123033021
123033201
123033201
123033201
123033201
123033021
123033022
123033022
123033122
123033122
123033122
123033122
123033122
123033021
123033021
123033120
123033120
123033120
123033020
123033021
123033021
123033122
123033122
123033122
123033022
123033022
123033022
123033022
123033122
123033122
123033122
123033120
123033120
123033021
123033021
123033120
123033120
123033120
123033020
123033020
123033021
123033021
123033122
123033122
123033121
123033021
123033122
123033122
123033201
123033201
123033201
123033101
123033100
123033100
123033100
123033200
123033200
123033200
123033200
123033200
123033100
123033100
123033200
123033200
123033200
123033100
123033021
123033021
123033021
123033022
123033022
123033022
123033022
123033021
123033021
123033120
123033120
123033120
123033020
123033021
123033021
123033122
123033122
123033122
123033022
123033022
123033022
123033022
123033022
123033022
123033022
123033021
123033021
123033021
123033021
123033120
123033120
123033120
123033020
123033020
123033021
123033021
123033122
123033122
123033121
123033021
123033122
123033122
123033201
123033201
123033201
123033101
123033102
123033102
123033102
123033100
123033100
123033100
123033100
123033100
123033100
123033100
123033200
123033200
123033200
123033100
123033021
123033021
123033021
123033021
123033021
123033021
123033021
123033022
123033022
123033200
123033200
123033200
123033020
123033021
123033021
123033201
123033201
123033201
123033201
123033021
123033021
123033021
123033021
123033022
123033022
123033021
123033021
123033022
123033022
123033122
123033122
123033122
123033120
123033120
123033021
123033021
123033122
123033122
123033121
123033021
123031122
123031122
123031201
123031201
123031201
123031101
123031102
123031102
123031102
123031100
123031100
123031100
123031100
123031100
123031100
123031100
123031200
123031200
123031200
123031200
123031201
123031021
123031021
123031021
123031021
123031021
123031021
123031022
123031022
123031200
123031200
123031200
123031020
123031021
123031021
123031201
123031201
123031201
123031201
123031201
123031021
123031021
123031021
123031022
123031022
123031022
123031022
123031022
123031022
123031122
123031122
123031122
123031122
123031122
123031021
123031021
123031120
123031120
123031120
123031020
322013013
322013013
320113213
320113213
320113212
322113010
322133011
322133011
320133211
320133211
320133211
320133211
320133211
320133211
322133011
320133211
320133211
320133211
320133211
322133011
322113013
322113013
322133100
322133100
322133100
322133100
322133100
322133011
322133011
322133100
322133100
322133100
322133010
322133011
322133011
322133100
322133100
322133100
322133010
322133010
322113013
322113013
322133100
322133100
322133100
322133100
322133100
322133011
322133011
322133100
322133100
322133100
322133010
322133010
322133011
322133011
322133100
322133100
322133100
322133010
320133102
320133102
320133201
320133201
320133201
320133101
322133100
322133100
322133100
320133201
320133201
320133201
320133201
320133202
320133102
320133101
320133201
320133201
320133201
320133101
322133011
322133011
322133011
322113013
322113013
322133011
322133011
322133011
322133011
322133100
322133100
322133100
322133010
322133011
322133011
322133100
322133100
322133100
322133010
322133010
322133011
322133011
322133011
322113013
322113013
322113013
322113013
322113013
322113013
322133100
322133100
322133100
322133010
322133010
322133011
322133011
322133100
322133100
322133100
322133010
320133102
320133102
320133201
320133201
320133201
320133101
320133102
320133102
320133102
322133100
322133100
322133100
322133100
322133100
322133100
322133100
320133201
320133201
320133201
320133101
322133011
322133011
322133011
322133011
322133011
322133011
322133011
322113013
322113013
320113213
320113213
320113212
322113010
322133011
322133011
320133211
320133211
320133211
320133211
322133011
322133011
322133011
322133011
322113013
322113013
322113013
322113013
322113013
322113013
322133100
322133100
322133100
322133100
322133100
322133011
322133011
322133100
322133100
322133100
322133010
320331102
320331102
320331201
320331201
320331201
320331101
320331102
320331102
320331102
322331100
322331100
322331100
322331100
322331100
322331100
322331100
320331201
320331201
320331201
320331201
320331201
322330011
322330011
322330011
322330011
322330011
322330011
322310013
322310013
320310213
320310213
320310212
322310010
322330011
322330011
320330211
320330211
320330211
320330211
320330211
322330011
322330011
322330011
322310013
322310013
322330011
322330011
322310013
322310013
322331100
322331100
322331100
322331100
322331100
322330011
322330011
322331100
322331100
322331100
322330010
312022013
312022013
320113213
320113213
320113212
322113010
312123011
312123011
320113213
320113213
320113213
123113200
123113200
123113202
123113022
123113200
123113200
123113200
123113200
123113020
123113022
123113022
133021120
133021120
133021120
133021120
133021120
133021021
133021021
133021120
133021120
133021120
133021020
133021021
133021021
133021120
133021120
133021120
133021020
133021020
133011022
133011022
133021120
133021120
133021120
133021120
133021120
133021021
133021021
133021120
133021120
133021120
133021020
133021020
133021021
133021021
133021120
133021120
133021120
133021020
130120123
130120123
130112203
130112203
130112202
130122101
130122103
130122103
130122103
130112203
130112203
133112200
133112200
133112200
133122100
133122100
133112200
133112200
133112200
133122100
133120021
133120021
133120021
133110022
133110022
133110022
133110022
133120021
133120021
133120120
133120120
133120120
133120020
133120021
133120021
133120120
133120120
133120120
133120020
133120020
133120021
133120021
133120021
133110022
133110022
133120021
133120021
133120021
133120021
133120120
133120120
133120120
133120020
133120020
133120021
133120021
133120120
133120120
133120120
133120020
130120123
130120123
120113203
120113203
120113202
130120121
130120123
130120123
130120123
130120123
130120123
132120120
132120120
132120120
132120120
132120120
133011200
133011200
133011200
133021100
133021021
133021021
133021021
133021021
133021021
133021021
133021021
133011022
133011022
133011200
133011200
133011200
133011020
133021021
133021021
133011200
133011200
133011200
133011200
133011020
133021021
133021021
133021021
133011022
133011022
133021021
133021021
133011022
133011022
133021120
133021120
133021120
133021120
133021120
133021021
133021021
133021120
133021120
133021120
133021020
130120123
130120123
130112203
130112203
130112202
130122101
130122103
130122103
130122103
130122103
130122103
132122100
132122100
132122100
132122100
132122100
130112203
130112203
133112200
133112200
133112202
133110022
133110022
133120021
133120021
133120021
133120021
133110022
133110022
133011200
133011200
133011200
133011020
133021021
133021021
133011200
133011200
133011200
133011200
133011200
133021021
133021021
133021021
133011022
133011022
133011022
133011022
133011022
133011022
133021120
133021120
133021120
133021120
133021120
133021021
133021021
133021120
133021120
133021120
133021020
123113022
123113022
023113210
023113210
023113210
023113010
023133011
023133011
023133211
023133211
023133211
023133211
023133211
023133211
023133011
023133211
023133211
023133211
023133211
023133011
023133012
023133012
023133122
023133122
023133122
023133122
023133122
023133021
023133021
023133120
023133120
023133120
023133020
023133021
023133021
023133122
023133122
023133122
023133022
023133022
023133022
023133022
023133122
023133122
023133122
023133120
023133120
023133021
023133021
023133120
023133120
023133120
023133020
023133020
023133021
023133021
023133122
023133122
023133121
023133021
023133122
023133122
023133211
023133211
023133211
023133121
023133120
023133120
023133120
023133210
023133210
023133210
023133210
023133210
023133120
023133120
023133210
023133210
023133210
023133120
023133021
023133021
023133021
023133022
023133022
023133022
023133022
023133021
023133021
023133120
023133120
023133120
023133020
023133021
023133021
023133122
023133122
023133122
023133022
023133022
023133022
023133022
023133022
023133022
023133022
023133021
023133021
023133021
023133021
023133120
023133120
023133120
023133020
023133020
023133021
023133021
023133122
023133122
023133121
023133021
023133122
023133122
023133211
023133211
023133211
023133121
023133122
023133122
023133122
023133120
023133120
023133120
023133120
023133120
023133120
023133120
023133210
023133210
023133210
023133120
023133021
023133021
023133021
023133021
023133021
023133021
023133021
023133022
023133022
023133210
023133210
023133210
023133010
023133011
023133011
023133211
023133211
023133211
023133211
023133011
023133011
023133011
023133011
023133012
023133012
023133011
023133011
023133012
023133012
023133122
023133122
023133122
023133120
023133120
023133021
023133021
023133122
023133122
023133121
023133021
023130122
023130122
023130211
023130211
023130211
023130121
023130122
023130122
023130122
023130120
023130120
023130120
023130120
023130120
023130120
023130120
023130210
023130210
023130210
023130210
023130211
023130011
023130011
023130011
023130011
023130011
023130011
023130012
023130012
023130210
023130210
023130210
023130010
023130011
023130011
023130211
023130211
023130211
023130211
023130211
023130011
023130011
023130011
023130012
023130012
023130012
023130012
023130012
023130012
023130122
023130122
023130122
023130122
023130122
023130021
023130021
023130120
023130120
023130120
023130020
023031022
023031022
123031200
123031200
123031200
123031020
123031021
123031021
123031201
123031201
123031201
123031201
123031201
123031201
123031021
123031201
123031201
123031201
123031201
123031021
123031022
123031022
123031122
123031122
123031122
123031122
123031122
123031021
123031021
123031120
123031120
123031120
123031020
123031021
123031021
123031122
123031122
123031122
123031022
123031022
123031022
123031022
123031122
123031122
123031122
123031120
123031120
123031021
123031021
123031120
123031120
123031120
123031020
123031020
123031021
123031021
123031122
123031122
123031121
123031021
123033122
123033122
123033201
123033201
123033201
123033101
123033100
123033100
123033100
123033200
123033200
123033200
123033200
123033200
123033100
123033100
123033200
123033200
123033200
123033100
123033021
123033021
123033021
123033022
123033022
123033022
123033022
123033021
123033021
123033120
123033120
123033120
123033020
123033021
123033021
123033122
123033122
123033122
123033022
123033022
123033022
123033022
123033022
123033022
123033022
123033021
123033021
123033021
123033021
123033120
123033120
123033120
123033020
123033020
123033021
123033021
123033122
123033122
123033121
123033021
123033122
123033122
123033201
123033201
123033201
123033101
123033102
123033102
123033102
123033100
123033100
123033100
123033100
123033100
123033100
123033100
123033200
123033200
123033200
123033100
123033021
123033021
123033021
123033021
123033021
123033021
123033021
123033022
123033022
123033200
123033200
123033200
123033020
123033021
123033021
123033201
123033201
123033201
123033201
123033021
123033021
123033021
123033021
123033022
123033022
123033021
123033021
123033022
123033022
123033122
123033122
123033122
123033120
123033120
123033021
123033021
123033122
123033122
123033121
123033021
123031122
123031122
123031201
123031201
123031201
123031101
123031102
123031102
123031102
123031100
123031100
123031100
123031100
123031100
123031100
123031100
123031200
123031200
123031200
123031200
123031201
123031021
123031021
123031021
123031021
123031021
123031021
123031022
123031022
123031200
123031200
123031200
123031020
123031021
123031021
123031201
123031201
123031201
123031201
123031201
123031021
123031021
123031021
123031022
123031022
123031022
123031022
123031022
123031022
123031122
123031122
123031122
123031122
123031122
123031021
123031021
123031120
123031120
123031120
123031020
013032012
013032012
013032210
013032210
013032210
013032010
013032011
013032011
013032211
013032211
013032211
013032211
013032211
013032211
013032011
013032211
013032211
013032211
013032211
013032011
013032012
013032012
133002102
133002102
133002102
133002102
133002102
013032011
013032011
123031100
123031100
123031100
013032010
013032011
013032011
133002102
133002102
133002102
033012012
033012012
033012012
033012012
133002102
133002102
133002102
123031100
123031100
013032011
013032011
123031100
123031100
123031100
013032010
013032010
013032011
013032011
133002102
133002102
133002101
013032011
133002102
133002102
133002201
133002201
133002201
133002101
123033100
123033100
123033100
123033200
123033200
123033200
123033200
123033200
123033100
123033100
123033200
123033200
123033200
123033100
023033011
023033011
023033011
023033012
023033012
023033012
023033012
023033011
023033011
123033100
123033100
123033100
023033010
023033011
023033011
123033102
123033102
123033102
023033012
023033012
023033012
023033012
023033012
023033012
023033012
023033011
023033011
023033011
023033011
123033100
123033100
123033100
023033010
023033010
023033011
023033011
123033102
123033102
123033101
023033011
123033102
123033102
123033201
123033201
123033201
123033101
123033102
123033102
123033102
123033100
123033100
123033100
123033100
123033100
123033100
123033100
123033200
123033200
123033200
123033100
023033011
023033011
023033011
023033011
023033011
023033011
023033011
023033012
023033012
023033210
023033210
023033210
023033010
023033011
023033011
023033211
023033211
023033211
023033211
023033011
023033011
023033011
023033011
023033012
023033012
023033011
023033011
023033012
023033012
123033102
123033102
123033102
123033100
123033100
023033011
023033011
123033102
123033102
123033101
023033011
123031102
123031102
123031201
123031201
123031201
123031101
123031102
123031102
123031102
123031100
123031100
123031100
123031100
123031100
123031100
123031100
123031200
123031200
123031200
123031200
123031201
023130011
023130011
023130011
023130011
023130011
023130011
023130012
023130012
023130210
023130210
023130210
023130010
023130011
023130011
023130211
023130211
023130211
023130211
023130211
023130011
023130011
023130011
023130012
023130012
023130012
023130012
023130012
023130012
123031102
123031102
123031102
123031102
123031102
023130011
023130011
123031100
123031100
123031100
023130010
033112012
033112012
033112210
033112210
033112210
033112010
032112013
032112013
130112203
130112203
130112203
130102201
130102201
130102201
133011022
133001201
133001201
133001201
133001201
133011022
133011022
133011022
133001122
133001122
133001122
133001122
133001122
132011023
132011023
132001123
132001123
132001121
132011020
133011022
133011022
133001122
133001122
133001122
133011022
133011022
133011022
133011022
133001122
133001122
133001122
120103123
120103123
122113023
122113023
122103123
122103123
122103123
122113023
122113023
123113022
123113022
123103122
123103122
123103121
123113020
123103122
123103122
123103201
123103201
123103201
123103101
120103103
120103103
120103103
120103203
120103203
120103201
120103201
120103202
120103102
120103101
120103201
120103201
120103201
120103101
122113023
122113023
122113023
122113023
122113023
123113022
123113022
122113023
122113023
122103123
122103123
122103121
122113020
123113022
123113022
123103122
123103122
123103122
123113022
123113022
123113022
123113022
123113022
123113022
123113022
122113023
122113023
122113023
122113023
122103123
122103123
122103123
122113023
122113023
123113022
123113022
123103122
123103122
123103121
123113020
123103122
123103122
123103201
123103201
123103201
123103101
123103102
123103102
123103102
120103103
120103103
120103102
120103102
120103102
120103102
120103101
120103201
120103201
120103201
120103101
122113023
122113023
122113023
122113023
122113023
123113022
123113022
123113022
123113022
123113200
123113200
123113200
123113020
123113022
123113022
123103201
123103201
123103201
123103201
123113022
123113022
123113022
123113022
123113022
123113022
122113023
122113023
122113023
122113023
122103123
122103123
122103123
122103123
122103123
123113022
123113022
123103122
123103122
123103121
123113020
123100122
123100122
123001201
123001201
123001201
123001101
123001102
123001102
123001102
130102103
130102103
130102102
130102102
130102103
130102103
130102103
130102203
130102203
130102201
130102201
130102201
132110023
132110023
132110023
132110023
133110022
133110022
133110022
133110022
133011200
133011200
133011200
133011020
132011023
132011023
130112203
130112203
130112203
130102201
130102201
132110023
132110023
132110023
132110023
132110023
133110022
133110022
133110022
133110022
133100122
133100122
133100122
133100122
133100122
132110023
132110023
132100123
132100123
132100121
132110020
132311023
132311023
033112210
033112210
033112210
033112010
033122011
033122011
033112210
033112210
033112210
033112210
033112210
033112212
033112012
033112210
033112210
033112210
033112210
033112010
033112012
033112012
013123120
013123120
013123120
013123120
013123120
013123021
013123021
013123120
013123120
013123120
013123020
013123021
013123021
013123120
013123120
013123120
013123020
013123020
023113022
023113022
013123120
013123120
013123120
013123120
013123120
013123021
013123021
013123120
013123120
013123120
013123020
013123020
013123021
013123021
013123120
013123120
013123120
013123020
130120123
130120123
130110323
130120123
033110212
033120121
033120120
033120120
033120120
033110210
033110210
033110210
033110210
033110210
033120120
033120120
033110210
033110210
033110210
033120120
033120021
033120021
033120021
033110022
033110022
033110022
033110022
033120021
033120021
033120120
033120120
033120120
033120020
033120021
033120021
033120120
033120120
033120120
033120020
033120020
033120021
033120021
033120021
033110022
033110022
033120021
033120021
033120021
033120021
033120120
033120120
033120120
033120020
033120020
033120021
033120021
033120120
033120120
033120120
033120020
130120123
130120123
130120323
130120123
033110212
033120121
033120120
033120120
033120120
033120120
033120120
033120120
033120120
033120120
033120120
033120120
033110210
033110210
033110210
033120120
033120021
033120021
033120021
033120021
033120021
033120021
033120021
033110022
033110022
033110210
033110210
033110210
033110010
033120011
033120011
033110210
033110210
033110210
033110210
033110010
033120011
033120011
033120011
033110012
033110012
033120011
033120011
033110012
033110012
033120120
033120120
033120120
033120120
033120120
033120021
033120021
033120120
033120120
033120120
033120020
130120123
130120123
130120323
130120123
033110212
033120121
033120120
033120120
033120120
033120120
033120120
033120120
033120120
033120120
033120120
033120120
033110210
033110210
033110210
033110210
033110212
033110012
033110012
033120011
033120011
033120011
033120011
033110012
033110012
033110210
033110210
033110210
033110010
033120011
033120011
033110210
033110210
033110210
033110210
033110210
033120011
033120011
033120011
033110012
033110012
033110012
033110012
033110012
033110012
033120120
033120120
033120120
033120120
033120120
033120021
033120021
033120120
033120120
033120120
033120020
032021023
032021023
130301203
130301203
130301202
132321020
132321021
132321021
130301201
130301201
130301201
130301201
130301201
130301201
132321021
130301201
130301201
130301201
130301201
132321021
132321023
132321023
132321123
132321123
132321123
132321120
132321120
132321021
132321021
132321123
132321123
132321121
132321021
132321021
132321021
132321120
132321120
132321120
132321020
132321020
132321023
132321023
132321123
132321123
132321123
132321123
132321123
132321023
132321023
132321123
132321123
132321123
132321023
132321023
132321021
132321021
132321120
132321120
132321120
132321020
132320123
132320123
130302203
130302203
130302201
130302101
130302103
130302103
130302103
130302203
130302203
130302201
130302201
130302202
130302102
130302101
130302201
130302201
130302201
130302101
132320021
132320021
132320021
132320023
132320023
132320021
132320021
132320021
132320021
132320123
132320123
132320121
132320021
132320021
132320021
132320120
132320120
132320120
132320020
132320020
132320021
132320021
132320021
132320023
132320023
132320023
132320023
132320023
132320023
132320123
132320123
132320123
132320023
132320023
132320021
132320021
132320120
132320120
132320120
132320020
132320123
132320123
130301203
130301203
130301201
130301101
130301102
130301102
130301102
130301103
130301103
130301102
130301102
130301102
130301102
130301101
130301201
130301201
130301201
130301101
132321021
132321021
132321021
132321021
132321021
132321021
132321021
132321023
132321023
130301203
130301203
130301202
132321020
132321021
132321021
130301201
130301201
130301201
130301201
132321021
132321021
132321021
132321021
132321023
132321023
132321023
132321023
132321023
132321023
132321123
132321123
132321123
132321123
132321123
132321021
132321021
132321120
132321120
132321120
132321020
132321123
132321123
130301203
130301203
130301201
130301101
130301102
130301102
130301102
130301103
130301103
130301102
130301102
130301103
130301103
130301103
130301203
130301203
130301201
130301201
130301201
132321021
132321021
132321021
132321021
132321021
132321021
132321023
132321023
130301203
130301203
130301202
132321020
132321021
132321021
130301201
130301201
130301201
130301201
130301201
132321021
132321021
132321021
132321023
132321023
132321021
132321021
132321023
132321023
132321123
132321123
132321123
132321120
132321120
132321021
132321021
132321123
132321123
132321121
132321021
032312013
032312013
130312203
130312203
130312202
032312010
032312013
032312013
130312203
130312203
130312203
130302201
130302201
130302201
033012012
033002211
033002211
033002211
033002211
033012012
033012012
033012012
133002102
133002102
133002102
133002102
133002102
032012013
032012013
132002103
132002103
132002101
032012010
033012012
033012012
133002102
133002102
133002102
033012012
033012012
033012012
033012012
133002102
133002102
133002102
130102103
130102103
032112013
032112013
132102103
132102103
132102103
032112013
032112013
033112012
033112012
133102102
133102102
133102101
033112010
133102102
133102102
133102201
133102201
133102201
133102101
130102103
130102103
130102103
130102203
130102203
130102201
130102201
130102202
130102102
130102101
130102201
130102201
130102201
130102101
032112013
032112013
032112013
032112013
032112013
033112012
033112012
032112013
032112013
132102103
132102103
132102101
032112010
033112012
033112012
133102102
133102102
133102102
033112012
033112012
033112012
033112012
033112012
033112012
033112012
032112013
032112013
032112013
032112013
132102103
132102103
132102103
032112013
032112013
033112012
033112012
133102102
133102102
133102101
033112010
133001102
133001102
133001201
133001201
133001201
133001101
133001102
133001102
133001102
130301103
130301103
130301102
130301102
130301102
130301102
130301101
130301201
130301201
130301201
130301101
032310013
032310013
032310013
032310013
032310013
033110012
033110012
033110012
033110012
033110210
033110210
033110210
033110010
033110012
033110012
033100211
033100211
033100211
033100211
033110012
033110012
033110012
033110012
033110012
033110012
032110013
032110013
032110013
032110013
132001103
132001103
132001103
132001103
132001103
033110012
033110012
133001102
133001102
133001101
033110010
133001102
133001102
133001201
133001201
133001201
133001101
133001102
133001102
133001102
130301103
130301103
130301102
130301102
130301103
130301103
130301103
130301203
130301203
130301201
130301201
130301201
032310013
032310013
032310013
032310013
033110012
033110012
033110012
033110012
033110210
033110210
033110210
033110010
032110013
032110013
130311203
130311203
130311203
130301201
130301201
032310013
032310013
032310013
032310013
032310013
033110012
033110012
033110012
033110012
133001102
133001102
133001102
133001102
133001102
032110013
032110013
132001103
132001103
132001101
032110010
032112013
032112013
130112203
130112203
130112202
132011020
132021021
132021021
130102201
130102201
130102201
130102201
130102201
130102201
132021021
130102201
130102201
130102201
130102201
132021021
132021023
132021023
132021123
132021123
132021123
132021120
132021120
132021021
132021021
132021123
132021123
132021121
132021021
132021021
132021021
132021120
132021120
132021120
132021020
132021020
132021023
132021023
132021123
132021123
132021123
132021123
132021123
132021023
132021023
132021123
132021123
132021123
132021023
132021023
132021021
132021021
132021120
132021120
132021120
132021020
132120123
132120123
130102203
130102203
130102201
130102101
130102103
130102103
130102103
130102203
130102203
130102201
130102201
130102202
130102102
130102101
130102201
130102201
130102201
130102101
132120021
132120021
132120021
132120023
132120023
132120021
132120021
132120021
132120021
132120123
132120123
132120121
132120021
132120021
132120021
132120120
132120120
132120120
132120020
132120020
132120021
132120021
132120021
132120023
132120023
132120023
132120023
132120023
132120023
132120123
132120123
132120123
132120023
132120023
132120021
132120021
132120120
132120120
132120120
132120020
132120123
132120123
120103203
120103203
120103201
120103101
120103102
120103102
120103102
120103103
120103103
120103102
120103102
120103102
120103102
120103101
120103201
120103201
120103201
120103101
132120021
132120021
132120021
132120021
132120021
132120021
132120021
132120023
132120023
120103203
120103203
120103202
122113020
132120021
132120021
120103201
120103201
120103201
120103201
132120021
132120021
132120021
132120021
132120023
132120023
132120023
132120023
132120023
132120023
132120123
132120123
132120123
132120123
132120123
132120021
132120021
132120120
132120120
132120120
132120020
132120123
132120123
130102203
130102203
130102201
130102101
130102102
130102102
130102102
130102103
130102103
130102102
130102102
130102103
130102103
130102103
130102203
130102203
130102201
130102201
130102201
132120021
132120021
132120021
132120021
132120021
132120021
132120023
132120023
130102203
130102203
130102202
132110020
132120021
132120021
130102201
130102201
130102201
130102201
130102201
132120021
132120021
132120021
132120023
132120023
132120021
132120021
132120023
132120023
132120123
132120123
132120123
132120120
132120120
132120021
132120021
132120123
132120123
132120121
132120021
