ROW 3 2 588 32 62 432 0
ROW 4 5 6435 75 145 4752 0
ROW 5 9 31428 137 265 23328 0
ROW 6 15 107501 282 549 80208 0
ROW 7 22 286464 499 976 214848 0
ROW 8 31 658186 718 1405 496224 0
ROW 9 42 1357930 1270 2498 1029168 0
ROW 10 55 2567754 1804 3553 1956384 0
ROW 11 70 4536628 2974 5878 3474864 0
ROW 12 88 7635210 3927 7766 5879520 0
ROW 13 108 12243636 6097 12086 9478944 0
ROW 14 131 18944555 8171 16211 14746032 0
ROW 15 157 28420088 11145 22133 22241808 0
ROW 16 186 41456454 13556 26926 32621472 0
ROW 17 218 59010042 19093 37968 46689264 0
ROW 18 254 82388847 23884 47514 65546928 0
ROW 19 293 112734900 31597 62901 90187920 0
ROW 20 336 151788778 35907 71478 122109408 0
ROW 21 383 201386174 45613 90843 162919152 0
ROW 22 434 263518839 56064 111694 214388208 0
ROW 23 489 340495760 62701 124913 278587440 0
ROW 24 549 435369375 84206 167863 358246800 0
ROW 25 613 550569582 89158 177703 455643792 0
ROW 26 682 689844247 117761 234840 574205616 0
ROW 27 756 856913632 125182 249608 717416064 0
ROW 28 835 1055682180 162561 324287 888995520 0
ROW 29 919 1290559250 165456 329993 1093179600 0
ROW 30 1009 1567279298 204599 408189 1335433248 0
ROW 31 1104 1890117432 237467 473830 1620100656 0
ROW 32 1205 2265784357 278751 556297 1953730224 0
ROW 33 1312 2700669936 317266 633220 2342749824 0
ROW 34 1425 3201335445 359957 718489 2793892752 0
ROW 35 1544 3775070736 392656 783768 3314696256 0
ROW 36 1670 4431282303 444765 887860 3914752464 0
ROW 37 1802 5176618146 495851 989900 4601438352 0
ROW 38 1941 6021735524 535942 1069943 5385900096 0
ROW 39 2087 6976462720 530631 1059175 6278816448 0
ROW 40 2240 8050730157 658967 1315694 7291227312 0
ROW 41 2400 9255450400 662067 1321734 8435347200 0
ROW 42 2568 10604666422 751721 1500874 9726573024 0
ROW 43 2743 12107836104 814177 1625611 11176464096 0
ROW 44 2926 13780497115 912115 1821304 12802526352 0
ROW 45 3117 15636598516 941629 1880141 14621234976 0
ROW 46 3316 17690051556 994885 1986454 16649460288 0
ROW 47 3523 19956025584 974751 1945979 18905708448 0
ROW 48 3739 22454060890 1042576 2081413 21413144160 0
ROW 49 3963 25196710500 1022048 2040133 24188842080 0
ROW 50 4196 28205198466 1050055 2095914 27258715296 0
ROW 51 4438 31498120276 882955 1761472 30646819728 0
ROW 52 4689 35093810241 884794 1764899 34377610032 0
ROW 53 4949 39012150168 871734 1738519 38210530644 0
ROW 54 5219 43278856875 991335 1977451 42383432250 0
ROW 55 5498 47909651040 960407 1915316 46911533310 0
ROW 56 5787 52932043164 1114799 2223811 51821580720 0
ROW 57 6086 58369573854 1081676 2157266 57136413843 0
ROW 58 6395 64245204468 1251209 2496023 62878285224 0
ROW 59 6714 70583736300 1222409 2438104 69071227665 0
ROW 60 7044 77417482256 1387355 2767666 75746601344 0
ROW 61 7384 84765129384 1341993 2676602 82922409180 0
ROW 62 7735 92660790769 1534211 3060687 90631722358 0
ROW 63 8097 101132953624 1479147 2950197 98902079647 0
ROW 64 8470 110209103280 1698316 3388162 107760012096 0
ROW 65 8854 119918848654 1659138 3309422 117234098311 0
ROW 66 9250 130301180625 1855755 3702260 127362056250 0
ROW 67 9657 141377216508 1785722 3561787 138164097951 0
ROW 68 10076 153187626152 2037618 4065160 149679512576 0
ROW 69 10507 165765477410 1966778 3923049 161940120239 0
ROW 70 10950 179142300645 2234969 4458988 174976200630 0
ROW 71 11405 193352011392 2171509 4331613 188820323625 0
ROW 72 11873 208439944689 2432051 4852229 203516166468 0
ROW 73 12353 224428716162 2346156 4679959 219085175301 0
ROW 74 12846 241365066625 2641702 5270558 235572305026 0
ROW 75 13352 259285840904 2539868 5066384 253012796366 0
ROW 76 13871 278225690778 2878547 5743223 271439698320 0
ROW 77 14403 298221878006 2794643 5574883 290888553137 0
ROW 78 14949 319325254248 3102834 6190719 311408099184 0
ROW 79 15508 341558544600 2986491 5957474 333019580985 0
ROW 80 16081 364973557039 3353295 6690509 355772542996 0
ROW 81 16668 389609601748 3227077 6437486 379704272890 0
ROW 82 17269 415503014823 3608799 7200329 404849091366 0
ROW 83 17884 442692914216 3495996 6974108 431243959538 0
ROW 84 18514 471234268925 3864799 7711084 458941201040 0
ROW 85 19158 501148006758 3727648 7436138 487959901317 0
ROW 86 19817 532489403026 4135219 8250621 518352516220 0
ROW 87 20491 565298343456 3988149 7955807 550156423542 0
ROW 88 21180 599610829071 4439700 8858220 583405130988 0
ROW 89 21884 635465744100 4302037 8582190 618134860170 0
ROW 90 22604 672920125824 4713278 9403952 654399388416 0
ROW 91 23339 711990619056 4542992 9062645 692213101860 0
ROW 92 24090 752733692561 5018301 10012512 731629009592 0
ROW 93 24857 795187269352 4843366 9661875 772681969276 0
ROW 94 25640 839384344890 5341540 10657440 815401935036 0
ROW 95 26439 885360809632 5178364 10330289 859821555508 0
ROW 96 27255 933172992292 5662609 11297963 905993196400 0
ROW 97 28087 982830129000 5461139 10894191 953923360500 0
ROW 98 28936 1034386856020 5994650 11960364 1003662493960 0
ROW 99 29802 1087875876700 5785880 11541958 1055239600399 0
ROW 100 30685 1143323790543 6362611 12694537 1108677615072 0
ROW 101 31585 1200759993804 6183769 12335953 1164002034810 0
ROW 102 32503 1260236523961 6716434 13400365 1221260136622 0
ROW 103 33438 1321751381760 6496196 12958954 1280446651080 0
ROW 104 34391 1385353514910 7101600 14168809 1341605509176 0
ROW 105 35362 1451066361202 6889061 13742760 1404755732653 0
ROW 106 36351 1518905945070 7515275 14994199 1469908979100 0
ROW 107 37358 1588890857508 7318914 14600470 1537079199111 0
ROW 108 38384 1661064378246 7932279 15826174 1606304014128 0
ROW 109 39428 1735408683900 7699260 15359092 1677561727770 0
ROW 110 40491 1811962269447 8365933 16691375 1750884889578 0
ROW 111 41573 1890734402040 8114737 16187901 1826277547425 0
ROW 112 42674 1971725494410 8836414 17630154 1903734960120 0
ROW 113 43794 2054938140354 8614438 17185082 1983254251737 0
ROW 114 44934 2140401433475 9286859 18528784 2064857853470 0
ROW 115 46093 2228076314436 9024795 18003497 2148502160349 0
ROW 116 47272 2317985075158 9784348 19521424 2234202482080 0
ROW 117 48471 2410116977638 9515535 18982599 2321941966261 0
ROW 118 49690 2504450859939 10294797 20539904 2411693420682 0
ROW 119 50929 2600967175600 10047861 20044793 2503430906515 0
ROW 120 52189 2699674363827 10815177 21578165 2597155084188 0
ROW 121 53469 2800505833398 10522271 20991073 2692794070575 0
ROW 122 54770 2903460858683 11344903 22635036 2790339007046 0
ROW 123 56092 3008501862320 11034000 22011908 2889745209860 0
ROW 124 57435 3115579149600 11914171 23770907 2990955983616 0
ROW 125 58799 3224643869370 11631999 23205199 3093915063855 0
ROW 126 60185 3335676220254 12460268 24860351 3198593635860 0
ROW 127 61592 3448574838072 12116674 24171756 3304884219819 0
ROW 128 63021 3563308022953 13039525 26016029 3412745712124 0
ROW 129 64472 3679803454040 12697880 25331288 3522097591724 0
ROW 130 65945 3797974881801 13636593 27207241 3632845539114 0
ROW 131 67440 3917735894336 13312686 26557932 3744894604880 0
ROW 132 68958 4039029667563 14236516 28404074 3858177592896 0
ROW 133 70498 4161711817098 13873837 27677176 3972543098139 0
ROW 134 72061 4285710491920 14860824 29649587 4087908469216 0
ROW 135 73647 4410909583360 14487628 28901609 4204148196640 0
ROW 136 75256 4537177132257 15542644 31010032 4321121078340 0
ROW 137 76888 4664379748040 15199410 30321932 4438683953780 0
ROW 138 78544 4792413527834 16190090 32301636 4556721059252 0
ROW 139 80223 4921081752600 15792927 31505631 4675027664970 0
ROW 140 81926 5050261945015 16886813 33691700 4793468964760 0
ROW 141 83653 5179783953852 16492591 32901529 4911864094170 0
ROW 142 85404 5309459753952 17624486 35163568 5030014503744 0
ROW 143 87179 5439098326032 17251020 34414861 5147718058566 0
ROW 144 88979 5568537280350 18358042 36627105 5264798883240 0
ROW 145 90803 5697517120524 17938925 35787047 5380988391606 0
ROW 146 92652 5825852891510 19117241 38141830 5496087633500 0
ROW 147 94526 5953308864100 18689323 37284120 5609848737325 0
ROW 148 96425 6079629320397 19939980 39783535 5722004066256 0
ROW 149 98349 6204553660000 19535872 38973395 5832280440400 0
ROW 150 100299 6327848168215 20722897 41345495 5940428892610 0
ROW 151 102274 6449178939360 20257905 40413536 6046105255650 0
ROW 152 104275 6568285234960 21557673 43011071 6149032985920 0
ROW 153 106302 6684852861478 21082207 42058112 6248884196599 0
ROW 154 108355 6798545442360 22407960 44707565 6345309079536 0
ROW 155 110434 6909019471068 21969960 43829486 6437949961677 0
ROW 156 112540 7015955561836 23274243 46435946 6526470290080 0
ROW 157 114672 7118932517424 22764190 45413708 6610437337608 0
ROW 158 116831 7217598977901 24146431 48176031 6689481979518 0
ROW 159 119017 7311547977880 23621457 47123897 6763181879539 0
ROW 160 121230 7400348108244 25069713 50018196 6831090561456 0
ROW 161 123470 7483558188438 24584815 49046160 6892750963035 0
ROW 162 125738 7560757229445 25953658 51781578 6947722859490 0
ROW 163 128033 7631422548876 25400591 50673149 6995470669803 0
ROW 164 130356 7695095716980 26895385 53660414 7035516084096 0
ROW 165 132707 7751261197578 26336367 52540027 7067326386027 0
ROW 166 135086 7799376698289 27860896 55586706 7090342452990 0
ROW 167 137493 7838887083552 27325627 54513761 7103991419469 0
ROW 168 139929 7869252164837 28827618 57515307 7107711632756 0
ROW 169 142393 7889832208650 28234140 56325887 7100848987785 0
ROW 170 144886 7900043578693 29807206 59469526 7082797691242 0
ROW 171 147408 7899244807384 29192086 58236764 7052897149450 0
ROW 172 149959 7886765322774 30852465 61554971 7010458064688 0
ROW 173 152539 7861918169950 30285796 60419053 6954773765725 0
ROW 174 155149 7824024622500 31860446 63565743 6885141667800 0
ROW 175 157788 7772310896472 31225671 62293554 6800772034413 0
ROW 176 160457 7706048245907 32931776 65703095 6700911518180 0
ROW 177 163156 7624450279292 32309623 64456090 6584752513934 0
ROW 178 165885 7526699134395 34056826 67947767 6451456400910 0
ROW 179 168644 7411956519000 33466219 66763794 6300163041150 0
ROW 180 171434 7279384010313 35188154 70204874 6130007587632 0
ROW 181 174254 7128055280142 34542884 68911514 5940046066785 0
ROW 182 177105 6957074725342 36352753 72528401 5729355656164 0
ROW 183 179987 6765490335776 35683154 71186321 5496960897818 0
ROW 184 182900 6552316264995 37573210 74963520 5241853011996 0
ROW 185 185844 6316541641676 36952295 73718746 4962997004174 0
ROW 186 188820 6057145289988 38760817 77332814 4659342530760 0
ROW 187 191827 5773028288256 38073752 75955677 4329771216192 0
ROW 188 194866 5463104506189 40022624 79850382 3973166913592 0
ROW 189 197937 5126233847920 39321098 78444259 3588363693544 0
ROW 190 201040 4761240036822 41312640 82424240 3174160024548 0
ROW 191 204175 4366916586560 40636738 81069301 2729322866600 0
ROW 192 207343 3942034535432 42601856 84996369 2252591163104 0
ROW 193 210543 3485300702544 41868140 83525737 1742650351272 0
ROW 194 213776 2995412760040 43914152 87614528 1198165104016 0
ROW 195 217042 2471018216556 43153493 86089944 617754554139 0
ROW 196 220341 1910726098491 45290630 90360919 0 0
ROW 197 223673 1313109404244 39313063 78402453 0 0
ROW 198 227039 676704299205 36588268 72949497 0 0
TOTAL 11539903 497893855660344 2317590705 4623641507 441165614683344 0
