000000000011111000
000000001110010010
000000010100011100
000000011000101010
000000100111000100
000000101000110100
000000110001010010
000001000101001010
000001001010001100
000001010001100100
000001100010100010
000001111100000000
000010010010000110
000010101001001000
000011000100110000
000100001101100000
000100100000001110
000101010010010000
000110000001010100
000110000110001000
000110110000100000
000111001000000010
001000011011000000
001000100100101000
001001000000010110
001010000001100010
001010001100000100
001010100010010000
001011010000001000
001100000010100100
001100001000011000
001100010100000010
001101100001000000
010000000100100110
010000110010001000
010001001001010000
010010000000011010
010010001010100000
010010010101000000
010011100000000100
010100000011000010
010100011000000100
010100100100010000
010101000000101000
011000000001001100
011000010000110000
011000101000000010
011001000110000000
100000001001000110
100000010110100000
100001100000011000
100010000000101100
100010011000010000
100010100100000010
100011000011000000
100100000000110010
100100010001001000
100100101010000000
100101000100000100
101000000010001010
101000000101010000
101000110000000100
101001001000100000
110000000010010100
110000001100001000
110000100001100000
110001010000000010
111110000000000000
