CERTIFICATE stable_tournaments_v1 n=6
CLASS 0 orbit=720 m=0
CLASS 2 orbit=240 m=1 x=0,2,1,3,4,5 y=0,1,2,3,4,5 z=2,0,1,3,4,5
CLASS 4 orbit=720 m=1 x=0,3,1,2,4,5 y=0,1,2,3,4,5 z=3,0,1,2,4,5
CLASS 5 orbit=240 m=1 x=0,1,3,2,4,5 y=0,1,2,3,4,5 z=1,3,0,2,4,5
CLASS 8 orbit=720 m=1 x=0,4,1,2,3,5 y=0,1,2,3,4,5 z=4,0,1,2,3,5
CLASS 9 orbit=720 m=1 x=0,1,4,2,3,5 y=0,1,2,3,4,5 z=1,4,0,2,3,5
CLASS 10 orbit=720 m=1 x=0,2,4,1,3,5 y=0,1,2,3,4,5 z=2,4,0,1,3,5
CLASS 11 orbit=240 m=1 x=0,1,2,4,3,5 y=0,1,2,3,4,5 z=1,2,4,0,3,5
CLASS 12 orbit=720 m=1 x=0,3,4,1,2,5 y=0,1,2,3,4,5 z=3,4,0,1,2,5
CLASS 16 orbit=720 m=1 x=0,5,1,2,3,4 y=0,1,2,3,4,5 z=5,0,1,2,3,4
CLASS 17 orbit=720 m=1 x=0,1,5,2,3,4 y=0,1,2,3,4,5 z=1,5,0,2,3,4
CLASS 18 orbit=720 m=1 x=0,2,5,1,3,4 y=0,1,2,3,4,5 z=2,5,0,1,3,4
CLASS 19 orbit=720 m=1 x=0,1,2,5,3,4 y=0,1,2,3,4,5 z=1,2,5,0,3,4
CLASS 20 orbit=720 m=1 x=0,3,5,1,2,4 y=0,1,2,3,4,5 z=3,5,0,1,2,4
CLASS 21 orbit=720 m=1 x=0,1,3,5,2,4 y=0,1,2,3,4,5 z=1,3,5,0,2,4
CLASS 22 orbit=720 m=1 x=0,2,3,5,1,4 y=0,1,2,3,4,5 z=2,3,5,0,1,4
CLASS 23 orbit=240 m=1 x=0,1,2,3,5,4 y=0,1,2,3,4,5 z=1,2,3,5,0,4
CLASS 24 orbit=720 m=1 x=0,4,5,1,2,3 y=0,1,2,3,4,5 z=4,5,0,1,2,3
CLASS 25 orbit=720 m=1 x=0,1,4,5,2,3 y=0,1,2,3,4,5 z=1,4,5,0,2,3
CLASS 26 orbit=720 m=1 x=0,2,4,5,1,3 y=0,1,2,3,4,5 z=2,4,5,0,1,3
CLASS 28 orbit=720 m=1 x=0,3,4,5,1,2 y=0,1,2,3,4,5 z=3,4,5,0,1,2
CLASS 72 orbit=240 m=1 x=0,4,1,3,2,5 y=0,1,2,3,4,5 z=4,0,3,1,2,5
CLASS 73 orbit=720 m=1 x=0,1,4,3,2,5 y=0,3,1,2,4,5 z=1,4,0,2,3,5
CLASS 80 orbit=240 m=1 x=0,5,1,3,2,4 y=0,1,2,3,4,5 z=5,0,3,1,2,4
CLASS 81 orbit=720 m=1 x=0,1,5,3,2,4 y=0,3,1,2,4,5 z=1,5,0,2,3,4
CLASS 83 orbit=720 m=1 x=0,1,5,3,2,4 y=0,3,1,2,4,5 z=1,5,2,0,3,4
CLASS 87 orbit=80 m=1 x=0,1,3,2,5,4 y=0,1,2,3,4,5 z=3,1,2,5,0,4
CLASS 88 orbit=240 m=1 x=0,4,5,1,3,2 y=0,1,2,3,4,5 z=4,5,0,3,1,2
CLASS 89 orbit=720 m=1 x=0,1,4,5,3,2 y=0,3,1,2,4,5 z=1,4,5,0,2,3
CLASS 140 orbit=144 m=1 x=0,3,1,4,2,5 y=0,1,2,3,4,5 z=3,4,0,1,2,5
CLASS 144 orbit=720 m=1 x=0,5,1,4,2,3 y=0,1,2,3,4,5 z=5,0,4,1,2,3
CLASS 145 orbit=720 m=1 x=0,1,5,4,2,3 y=0,4,1,2,3,5 z=1,5,0,2,3,4
CLASS 146 orbit=720 m=1 x=0,2,5,1,4,3 y=0,1,2,3,4,5 z=2,5,0,4,1,3
CLASS 147 orbit=720 m=1 x=0,1,5,4,2,3 y=0,4,1,2,3,5 z=1,5,2,0,3,4
CLASS 148 orbit=720 m=1 x=0,3,5,1,4,2 y=0,1,2,3,4,5 z=3,5,0,4,1,2
CLASS 149 orbit=720 m=1 x=0,1,5,4,3,2 y=0,4,1,2,3,5 z=1,5,3,0,2,4
CLASS 150 orbit=720 m=1 x=0,2,3,5,1,4 y=0,1,2,3,4,5 z=2,3,5,0,4,1
CLASS 152 orbit=720 m=1 x=0,4,5,2,3,1 y=0,2,3,4,1,5 z=4,5,0,1,2,3
CLASS 153 orbit=720 m=1 x=0,1,4,5,2,3 y=0,1,2,3,4,5 z=4,1,5,0,2,3
CLASS 154 orbit=720 m=1 x=0,2,5,1,4,3 y=0,1,2,3,4,5 z=2,5,4,0,1,3
CLASS 156 orbit=720 m=1 x=0,3,5,1,4,2 y=0,1,2,3,4,5 z=3,5,4,0,1,2
CLASS 176 orbit=240 m=1 x=0,5,1,2,4,3 y=0,1,2,3,4,5 z=5,0,2,4,1,3
CLASS 177 orbit=720 m=1 x=0,1,5,2,4,3 y=0,2,4,1,3,5 z=1,5,0,2,3,4
CLASS 178 orbit=240 m=1 x=0,2,5,1,4,3 y=0,2,1,3,4,5 z=2,5,0,4,1,3
CLASS 179 orbit=720 m=1 x=0,1,2,5,4,3 y=0,2,4,1,3,5 z=1,2,5,0,3,4
CLASS 181 orbit=720 m=1 x=0,1,5,4,3,2 y=0,2,4,1,3,5 z=1,5,3,0,4,2
CLASS 280 orbit=720 m=1 x=0,4,1,5,2,3 y=0,1,2,3,4,5 z=4,5,0,1,2,3
CLASS 281 orbit=720 m=1 x=0,1,5,4,2,3 y=0,1,2,3,4,5 z=5,1,4,0,2,3
CLASS 282 orbit=720 m=1 x=0,2,4,1,5,3 y=0,1,2,3,4,5 z=2,4,5,0,1,3
CLASS 313 orbit=720 m=1 x=0,1,5,4,2,3 y=0,2,1,3,4,5 z=5,1,4,0,2,3
CLASS 314 orbit=144 m=1 x=0,2,4,1,5,3 y=0,2,1,3,4,5 z=2,4,5,0,1,3
CLASS 344 orbit=720 m=1 x=0,4,1,5,3,2 y=0,1,2,3,4,5 z=4,5,0,3,1,2
CLASS 345 orbit=720 m=1 x=0,1,5,4,3,2 y=0,3,1,2,4,5 z=5,1,4,0,2,3
CLASS 377 orbit=240 m=1 x=0,1,5,4,2,3 y=0,2,3,1,4,5 z=5,1,4,0,2,3
CLASS 408 orbit=240 m=1 x=0,1,4,5,2,3 y=0,1,2,3,4,5 z=4,5,0,1,2,3
CLASS 1332 orbit=240 m=1 x=0,3,1,5,2,4 y=0,2,1,3,4,5 z=3,5,0,1,4,2
SUMMARY n=6 tournaments=32768 classes=56 transitive_classes=1 stabilized_classes=55 distinct_pair_sums=129183
