CERTIFICATE stable_tournaments_v1 n=7
CLASS 0 orbit=5040 m=0
CLASS 2 orbit=1680 m=1 x=0,2,1,3,4,5,6 y=0,1,2,3,4,5,6 z=2,0,1,3,4,5,6
CLASS 4 orbit=5040 m=1 x=0,3,1,2,4,5,6 y=0,1,2,3,4,5,6 z=3,0,1,2,4,5,6
CLASS 5 orbit=1680 m=1 x=0,1,3,2,4,5,6 y=0,1,2,3,4,5,6 z=1,3,0,2,4,5,6
CLASS 8 orbit=5040 m=1 x=0,4,1,2,3,5,6 y=0,1,2,3,4,5,6 z=4,0,1,2,3,5,6
CLASS 9 orbit=5040 m=1 x=0,1,4,2,3,5,6 y=0,1,2,3,4,5,6 z=1,4,0,2,3,5,6
CLASS 10 orbit=5040 m=1 x=0,2,4,1,3,5,6 y=0,1,2,3,4,5,6 z=2,4,0,1,3,5,6
CLASS 11 orbit=1680 m=1 x=0,1,2,4,3,5,6 y=0,1,2,3,4,5,6 z=1,2,4,0,3,5,6
CLASS 12 orbit=5040 m=1 x=0,3,4,1,2,5,6 y=0,1,2,3,4,5,6 z=3,4,0,1,2,5,6
CLASS 16 orbit=5040 m=1 x=0,5,1,2,3,4,6 y=0,1,2,3,4,5,6 z=5,0,1,2,3,4,6
CLASS 17 orbit=5040 m=1 x=0,1,5,2,3,4,6 y=0,1,2,3,4,5,6 z=1,5,0,2,3,4,6
CLASS 18 orbit=5040 m=1 x=0,2,5,1,3,4,6 y=0,1,2,3,4,5,6 z=2,5,0,1,3,4,6
CLASS 19 orbit=5040 m=1 x=0,1,2,5,3,4,6 y=0,1,2,3,4,5,6 z=1,2,5,0,3,4,6
CLASS 20 orbit=5040 m=1 x=0,3,5,1,2,4,6 y=0,1,2,3,4,5,6 z=3,5,0,1,2,4,6
CLASS 21 orbit=5040 m=1 x=0,1,3,5,2,4,6 y=0,1,2,3,4,5,6 z=1,3,5,0,2,4,6
CLASS 22 orbit=5040 m=1 x=0,2,3,5,1,4,6 y=0,1,2,3,4,5,6 z=2,3,5,0,1,4,6
CLASS 23 orbit=1680 m=1 x=0,1,2,3,5,4,6 y=0,1,2,3,4,5,6 z=1,2,3,5,0,4,6
CLASS 24 orbit=5040 m=1 x=0,4,5,1,2,3,6 y=0,1,2,3,4,5,6 z=4,5,0,1,2,3,6
CLASS 25 orbit=5040 m=1 x=0,1,4,5,2,3,6 y=0,1,2,3,4,5,6 z=1,4,5,0,2,3,6
CLASS 26 orbit=5040 m=1 x=0,2,4,5,1,3,6 y=0,1,2,3,4,5,6 z=2,4,5,0,1,3,6
CLASS 28 orbit=5040 m=1 x=0,3,4,5,1,2,6 y=0,1,2,3,4,5,6 z=3,4,5,0,1,2,6
CLASS 32 orbit=5040 m=1 x=0,6,1,2,3,4,5 y=0,1,2,3,4,5,6 z=6,0,1,2,3,4,5
CLASS 33 orbit=5040 m=1 x=0,1,6,2,3,4,5 y=0,1,2,3,4,5,6 z=1,6,0,2,3,4,5
CLASS 34 orbit=5040 m=1 x=0,2,6,1,3,4,5 y=0,1,2,3,4,5,6 z=2,6,0,1,3,4,5
CLASS 35 orbit=5040 m=1 x=0,1,2,6,3,4,5 y=0,1,2,3,4,5,6 z=1,2,6,0,3,4,5
CLASS 36 orbit=5040 m=1 x=0,3,6,1,2,4,5 y=0,1,2,3,4,5,6 z=3,6,0,1,2,4,5
CLASS 37 orbit=5040 m=1 x=0,1,3,6,2,4,5 y=0,1,2,3,4,5,6 z=1,3,6,0,2,4,5
CLASS 38 orbit=5040 m=1 x=0,2,3,6,1,4,5 y=0,1,2,3,4,5,6 z=2,3,6,0,1,4,5
CLASS 39 orbit=5040 m=1 x=0,1,2,3,6,4,5 y=0,1,2,3,4,5,6 z=1,2,3,6,0,4,5
CLASS 40 orbit=5040 m=1 x=0,4,6,1,2,3,5 y=0,1,2,3,4,5,6 z=4,6,0,1,2,3,5
CLASS 41 orbit=5040 m=1 x=0,1,4,6,2,3,5 y=0,1,2,3,4,5,6 z=1,4,6,0,2,3,5
CLASS 42 orbit=5040 m=1 x=0,2,4,6,1,3,5 y=0,1,2,3,4,5,6 z=2,4,6,0,1,3,5
CLASS 43 orbit=5040 m=1 x=0,1,2,4,6,3,5 y=0,1,2,3,4,5,6 z=1,2,4,6,0,3,5
CLASS 44 orbit=5040 m=1 x=0,3,4,6,1,2,5 y=0,1,2,3,4,5,6 z=3,4,6,0,1,2,5
CLASS 45 orbit=5040 m=1 x=0,1,3,4,6,2,5 y=0,1,2,3,4,5,6 z=1,3,4,6,0,2,5
CLASS 46 orbit=5040 m=1 x=0,2,3,4,6,1,5 y=0,1,2,3,4,5,6 z=2,3,4,6,0,1,5
CLASS 47 orbit=1680 m=1 x=0,1,2,3,4,6,5 y=0,1,2,3,4,5,6 z=1,2,3,4,6,0,5
CLASS 48 orbit=5040 m=1 x=0,5,6,1,2,3,4 y=0,1,2,3,4,5,6 z=5,6,0,1,2,3,4
CLASS 49 orbit=5040 m=1 x=0,1,5,6,2,3,4 y=0,1,2,3,4,5,6 z=1,5,6,0,2,3,4
CLASS 50 orbit=5040 m=1 x=0,2,5,6,1,3,4 y=0,1,2,3,4,5,6 z=2,5,6,0,1,3,4
CLASS 51 orbit=5040 m=1 x=0,1,2,5,6,3,4 y=0,1,2,3,4,5,6 z=1,2,5,6,0,3,4
CLASS 52 orbit=5040 m=1 x=0,3,5,6,1,2,4 y=0,1,2,3,4,5,6 z=3,5,6,0,1,2,4
CLASS 53 orbit=5040 m=1 x=0,1,3,5,6,2,4 y=0,1,2,3,4,5,6 z=1,3,5,6,0,2,4
CLASS 54 orbit=5040 m=1 x=0,2,3,5,6,1,4 y=0,1,2,3,4,5,6 z=2,3,5,6,0,1,4
CLASS 56 orbit=5040 m=1 x=0,4,5,6,1,2,3 y=0,1,2,3,4,5,6 z=4,5,6,0,1,2,3
CLASS 57 orbit=5040 m=1 x=0,1,4,5,6,2,3 y=0,1,2,3,4,5,6 z=1,4,5,6,0,2,3
CLASS 58 orbit=5040 m=1 x=0,2,4,5,6,1,3 y=0,1,2,3,4,5,6 z=2,4,5,6,0,1,3
CLASS 60 orbit=5040 m=1 x=0,3,4,5,6,1,2 y=0,1,2,3,4,5,6 z=3,4,5,6,0,1,2
CLASS 136 orbit=1680 m=1 x=0,4,1,3,2,5,6 y=0,1,2,3,4,5,6 z=4,0,3,1,2,5,6
CLASS 137 orbit=5040 m=1 x=0,1,4,3,2,5,6 y=0,3,1,2,4,5,6 z=1,4,0,2,3,5,6
CLASS 144 orbit=1680 m=1 x=0,5,1,3,2,4,6 y=0,1,2,3,4,5,6 z=5,0,3,1,2,4,6
CLASS 145 orbit=5040 m=1 x=0,1,5,3,2,4,6 y=0,3,1,2,4,5,6 z=1,5,0,2,3,4,6
CLASS 147 orbit=5040 m=1 x=0,1,5,3,2,4,6 y=0,3,1,2,4,5,6 z=1,5,2,0,3,4,6
CLASS 151 orbit=560 m=1 x=0,1,3,2,5,4,6 y=0,1,2,3,4,5,6 z=3,1,2,5,0,4,6
CLASS 152 orbit=1680 m=1 x=0,4,5,1,3,2,6 y=0,1,2,3,4,5,6 z=4,5,0,3,1,2,6
CLASS 153 orbit=5040 m=1 x=0,1,4,5,3,2,6 y=0,3,1,2,4,5,6 z=1,4,5,0,2,3,6
CLASS 160 orbit=1680 m=1 x=0,6,1,3,2,4,5 y=0,1,2,3,4,5,6 z=6,0,3,1,2,4,5
CLASS 161 orbit=5040 m=1 x=0,1,6,3,2,4,5 y=0,3,1,2,4,5,6 z=1,6,0,2,3,4,5
CLASS 163 orbit=5040 m=1 x=0,1,6,3,2,4,5 y=0,3,1,2,4,5,6 z=1,6,2,0,3,4,5
CLASS 167 orbit=1680 m=1 x=0,1,3,2,6,4,5 y=0,1,2,3,4,5,6 z=3,1,2,6,0,4,5
CLASS 168 orbit=1680 m=1 x=0,4,6,1,3,2,5 y=0,1,2,3,4,5,6 z=4,6,0,3,1,2,5
CLASS 169 orbit=5040 m=1 x=0,1,4,6,3,2,5 y=0,3,1,2,4,5,6 z=1,4,6,0,2,3,5
CLASS 171 orbit=5040 m=1 x=0,1,4,6,3,2,5 y=0,3,1,2,4,5,6 z=1,4,6,2,0,3,5
CLASS 175 orbit=560 m=1 x=0,1,3,2,4,6,5 y=0,1,2,3,4,5,6 z=3,1,2,4,6,0,5
CLASS 176 orbit=1680 m=1 x=0,5,6,1,3,2,4 y=0,1,2,3,4,5,6 z=5,6,0,3,1,2,4
CLASS 177 orbit=5040 m=1 x=0,1,5,6,3,2,4 y=0,3,1,2,4,5,6 z=1,5,6,0,2,3,4
CLASS 179 orbit=5040 m=1 x=0,1,5,6,3,2,4 y=0,3,1,2,4,5,6 z=1,5,6,2,0,3,4
CLASS 184 orbit=1680 m=1 x=0,4,5,6,1,3,2 y=0,1,2,3,4,5,6 z=4,5,6,0,3,1,2
CLASS 185 orbit=5040 m=1 x=0,1,4,5,6,3,2 y=0,3,1,2,4,5,6 z=1,4,5,6,0,2,3
CLASS 268 orbit=1008 m=1 x=0,3,1,4,2,5,6 y=0,1,2,3,4,5,6 z=3,4,0,1,2,5,6
CLASS 272 orbit=5040 m=1 x=0,5,1,4,2,3,6 y=0,1,2,3,4,5,6 z=5,0,4,1,2,3,6
CLASS 273 orbit=5040 m=1 x=0,1,5,4,2,3,6 y=0,4,1,2,3,5,6 z=1,5,0,2,3,4,6
CLASS 274 orbit=5040 m=1 x=0,2,5,1,4,3,6 y=0,1,2,3,4,5,6 z=2,5,0,4,1,3,6
CLASS 275 orbit=5040 m=1 x=0,1,5,4,2,3,6 y=0,4,1,2,3,5,6 z=1,5,2,0,3,4,6
CLASS 276 orbit=5040 m=1 x=0,3,5,1,4,2,6 y=0,1,2,3,4,5,6 z=3,5,0,4,1,2,6
CLASS 277 orbit=5040 m=1 x=0,1,5,4,3,2,6 y=0,4,1,2,3,5,6 z=1,5,3,0,2,4,6
CLASS 278 orbit=5040 m=1 x=0,2,3,5,1,4,6 y=0,1,2,3,4,5,6 z=2,3,5,0,4,1,6
CLASS 280 orbit=5040 m=1 x=0,4,5,2,3,1,6 y=0,2,3,4,1,5,6 z=4,5,0,1,2,3,6
CLASS 281 orbit=5040 m=1 x=0,1,4,5,2,3,6 y=0,1,2,3,4,5,6 z=4,1,5,0,2,3,6
CLASS 282 orbit=5040 m=1 x=0,2,5,1,4,3,6 y=0,1,2,3,4,5,6 z=2,5,4,0,1,3,6
CLASS 284 orbit=5040 m=1 x=0,3,5,1,4,2,6 y=0,1,2,3,4,5,6 z=3,5,4,0,1,2,6
CLASS 288 orbit=5040 m=1 x=0,6,1,4,2,3,5 y=0,1,2,3,4,5,6 z=6,0,4,1,2,3,5
CLASS 289 orbit=5040 m=1 x=0,1,6,4,2,3,5 y=0,4,1,2,3,5,6 z=1,6,0,2,3,4,5
CLASS 290 orbit=5040 m=1 x=0,2,6,1,4,3,5 y=0,1,2,3,4,5,6 z=2,6,0,4,1,3,5
CLASS 291 orbit=5040 m=1 x=0,1,6,4,2,3,5 y=0,4,1,2,3,5,6 z=1,6,2,0,3,4,5
CLASS 292 orbit=5040 m=1 x=0,3,6,1,4,2,5 y=0,1,2,3,4,5,6 z=3,6,0,4,1,2,5
CLASS 293 orbit=5040 m=1 x=0,1,6,4,3,2,5 y=0,4,1,2,3,5,6 z=1,6,3,0,2,4,5
CLASS 294 orbit=5040 m=1 x=0,2,3,6,1,4,5 y=0,1,2,3,4,5,6 z=2,3,6,0,4,1,5
CLASS 295 orbit=5040 m=1 x=0,1,6,4,2,3,5 y=0,4,1,2,3,5,6 z=1,6,2,3,0,4,5
CLASS 296 orbit=5040 m=1 x=0,4,6,2,3,1,5 y=0,2,3,4,1,5,6 z=4,6,0,1,2,3,5
CLASS 297 orbit=5040 m=1 x=0,1,4,6,2,3,5 y=0,1,2,3,4,5,6 z=4,1,6,0,2,3,5
CLASS 298 orbit=5040 m=1 x=0,2,6,1,4,3,5 y=0,1,2,3,4,5,6 z=2,6,4,0,1,3,5
CLASS 299 orbit=5040 m=1 x=0,1,4,2,6,3,5 y=0,1,2,3,4,5,6 z=4,1,2,6,0,3,5
CLASS 300 orbit=5040 m=1 x=0,3,6,1,4,2,5 y=0,1,2,3,4,5,6 z=3,6,4,0,1,2,5
CLASS 301 orbit=5040 m=1 x=0,1,4,3,6,2,5 y=0,1,2,3,4,5,6 z=4,1,3,6,0,2,5
CLASS 302 orbit=5040 m=1 x=0,2,3,6,1,4,5 y=0,1,2,3,4,5,6 z=2,3,6,4,0,1,5
CLASS 303 orbit=1680 m=1 x=0,1,4,2,3,6,5 y=0,1,2,3,4,5,6 z=4,1,2,3,6,0,5
CLASS 304 orbit=5040 m=1 x=0,5,6,1,4,2,3 y=0,1,2,3,4,5,6 z=5,6,0,4,1,2,3
CLASS 305 orbit=5040 m=1 x=0,1,5,6,4,2,3 y=0,4,1,2,3,5,6 z=1,5,6,0,2,3,4
CLASS 306 orbit=5040 m=1 x=0,2,5,6,1,4,3 y=0,1,2,3,4,5,6 z=2,5,6,0,4,1,3
CLASS 307 orbit=5040 m=1 x=0,1,5,6,4,2,3 y=0,4,1,2,3,5,6 z=1,5,6,2,0,3,4
CLASS 308 orbit=5040 m=1 x=0,3,5,6,1,4,2 y=0,1,2,3,4,5,6 z=3,5,6,0,4,1,2
CLASS 309 orbit=5040 m=1 x=0,1,5,6,4,3,2 y=0,4,1,2,3,5,6 z=1,5,6,3,0,2,4
CLASS 310 orbit=5040 m=1 x=0,2,3,5,6,1,4 y=0,1,2,3,4,5,6 z=2,3,5,6,0,4,1
CLASS 312 orbit=5040 m=1 x=0,4,5,6,2,3,1 y=0,2,3,4,1,5,6 z=4,5,6,0,1,2,3
CLASS 313 orbit=5040 m=1 x=0,1,4,5,6,2,3 y=0,1,2,3,4,5,6 z=4,1,5,6,0,2,3
CLASS 314 orbit=5040 m=1 x=0,2,5,6,1,4,3 y=0,1,2,3,4,5,6 z=2,5,6,4,0,1,3
CLASS 316 orbit=5040 m=1 x=0,3,5,6,1,4,2 y=0,1,2,3,4,5,6 z=3,5,6,4,0,1,2
CLASS 336 orbit=1680 m=1 x=0,5,1,2,4,3,6 y=0,1,2,3,4,5,6 z=5,0,2,4,1,3,6
CLASS 337 orbit=5040 m=1 x=0,1,5,2,4,3,6 y=0,2,4,1,3,5,6 z=1,5,0,2,3,4,6
CLASS 338 orbit=1680 m=1 x=0,2,5,1,4,3,6 y=0,2,1,3,4,5,6 z=2,5,0,4,1,3,6
CLASS 339 orbit=5040 m=1 x=0,1,2,5,4,3,6 y=0,2,4,1,3,5,6 z=1,2,5,0,3,4,6
CLASS 341 orbit=5040 m=1 x=0,1,5,4,3,2,6 y=0,2,4,1,3,5,6 z=1,5,3,0,4,2,6
CLASS 352 orbit=1680 m=1 x=0,6,1,2,4,3,5 y=0,1,2,3,4,5,6 z=6,0,2,4,1,3,5
CLASS 353 orbit=5040 m=1 x=0,1,6,2,4,3,5 y=0,2,4,1,3,5,6 z=1,6,0,2,3,4,5
CLASS 354 orbit=1680 m=1 x=0,2,6,1,4,3,5 y=0,2,1,3,4,5,6 z=2,6,0,4,1,3,5
CLASS 355 orbit=5040 m=1 x=0,1,2,6,4,3,5 y=0,2,4,1,3,5,6 z=1,2,6,0,3,4,5
CLASS 357 orbit=5040 m=1 x=0,1,6,4,3,2,5 y=0,2,4,1,3,5,6 z=1,6,3,0,4,2,5
CLASS 359 orbit=5040 m=1 x=0,1,2,6,4,3,5 y=0,2,4,1,3,5,6 z=1,2,6,3,0,4,5
CLASS 365 orbit=1680 m=1 x=0,1,4,3,6,2,5 y=0,2,1,3,4,5,6 z=4,1,3,6,0,2,5
CLASS 367 orbit=560 m=1 x=0,1,2,4,3,6,5 y=0,1,2,3,4,5,6 z=2,4,1,3,6,0,5
CLASS 368 orbit=1680 m=1 x=0,5,6,1,2,4,3 y=0,1,2,3,4,5,6 z=5,6,0,2,4,1,3
CLASS 369 orbit=5040 m=1 x=0,1,5,6,2,4,3 y=0,2,4,1,3,5,6 z=1,5,6,0,2,3,4
CLASS 370 orbit=1680 m=1 x=0,2,5,6,1,4,3 y=0,2,1,3,4,5,6 z=2,5,6,0,4,1,3
CLASS 371 orbit=5040 m=1 x=0,1,2,5,6,4,3 y=0,2,4,1,3,5,6 z=1,2,5,6,0,3,4
CLASS 373 orbit=5040 m=1 x=0,1,5,6,4,3,2 y=0,2,4,1,3,5,6 z=1,5,6,3,0,4,2
CLASS 536 orbit=5040 m=1 x=0,4,1,5,2,3,6 y=0,1,2,3,4,5,6 z=4,5,0,1,2,3,6
CLASS 537 orbit=5040 m=1 x=0,1,5,4,2,3,6 y=0,1,2,3,4,5,6 z=5,1,4,0,2,3,6
CLASS 538 orbit=5040 m=1 x=0,2,4,1,5,3,6 y=0,1,2,3,4,5,6 z=2,4,5,0,1,3,6
CLASS 544 orbit=5040 m=1 x=0,6,1,5,2,3,4 y=0,1,2,3,4,5,6 z=6,0,5,1,2,3,4
CLASS 545 orbit=5040 m=1 x=0,1,6,5,2,3,4 y=0,5,1,2,3,4,6 z=1,6,0,2,3,4,5
CLASS 546 orbit=5040 m=1 x=0,2,6,1,5,3,4 y=0,1,2,3,4,5,6 z=2,6,0,5,1,3,4
CLASS 547 orbit=5040 m=1 x=0,1,6,5,2,3,4 y=0,5,1,2,3,4,6 z=1,6,2,0,3,4,5
CLASS 548 orbit=5040 m=1 x=0,3,6,1,5,2,4 y=0,1,2,3,4,5,6 z=3,6,0,5,1,2,4
CLASS 549 orbit=5040 m=1 x=0,1,6,5,3,2,4 y=0,5,1,2,3,4,6 z=1,6,3,0,2,4,5
CLASS 550 orbit=5040 m=1 x=0,2,3,6,1,5,4 y=0,1,2,3,4,5,6 z=2,3,6,0,5,1,4
CLASS 551 orbit=5040 m=1 x=0,1,6,5,2,3,4 y=0,5,1,2,3,4,6 z=1,6,2,3,0,4,5
CLASS 552 orbit=5040 m=1 x=0,4,6,1,5,2,3 y=0,1,2,3,4,5,6 z=4,6,0,5,1,2,3
CLASS 553 orbit=5040 m=1 x=0,1,6,5,4,2,3 y=0,5,1,2,3,4,6 z=1,6,4,0,2,3,5
CLASS 554 orbit=5040 m=1 x=0,2,4,6,1,5,3 y=0,1,2,3,4,5,6 z=2,4,6,0,5,1,3
CLASS 555 orbit=5040 m=1 x=0,1,6,5,2,4,3 y=0,5,1,2,3,4,6 z=1,6,2,4,0,3,5
CLASS 556 orbit=5040 m=1 x=0,3,4,6,1,5,2 y=0,1,2,3,4,5,6 z=3,4,6,0,5,1,2
CLASS 557 orbit=5040 m=1 x=0,1,6,5,3,4,2 y=0,5,1,2,3,4,6 z=1,6,3,4,0,2,5
CLASS 558 orbit=5040 m=1 x=0,2,3,4,6,1,5 y=0,1,2,3,4,5,6 z=2,3,4,6,0,5,1
CLASS 560 orbit=5040 m=1 x=0,5,6,2,3,4,1 y=0,2,3,4,5,1,6 z=5,6,0,1,2,3,4
CLASS 561 orbit=5040 m=1 x=0,1,5,6,2,3,4 y=0,1,2,3,4,5,6 z=5,1,6,0,2,3,4
CLASS 562 orbit=5040 m=1 x=0,2,6,1,5,3,4 y=0,1,2,3,4,5,6 z=2,6,5,0,1,3,4
CLASS 563 orbit=5040 m=1 x=0,1,5,2,6,3,4 y=0,1,2,3,4,5,6 z=5,1,2,6,0,3,4
CLASS 564 orbit=5040 m=1 x=0,3,6,1,5,2,4 y=0,1,2,3,4,5,6 z=3,6,5,0,1,2,4
CLASS 565 orbit=5040 m=1 x=0,1,5,3,6,2,4 y=0,1,2,3,4,5,6 z=5,1,3,6,0,2,4
CLASS 566 orbit=5040 m=1 x=0,2,3,6,1,5,4 y=0,1,2,3,4,5,6 z=2,3,6,5,0,1,4
CLASS 568 orbit=5040 m=1 x=0,4,6,1,5,2,3 y=0,1,2,3,4,5,6 z=4,6,5,0,1,2,3
CLASS 569 orbit=5040 m=1 x=0,1,5,4,6,2,3 y=0,1,2,3,4,5,6 z=5,1,4,6,0,2,3
CLASS 570 orbit=5040 m=1 x=0,2,4,6,1,5,3 y=0,1,2,3,4,5,6 z=2,4,6,5,0,1,3
CLASS 572 orbit=5040 m=1 x=0,3,4,6,1,5,2 y=0,1,2,3,4,5,6 z=3,4,6,5,0,1,2
CLASS 601 orbit=5040 m=1 x=0,1,5,4,2,3,6 y=0,2,1,3,4,5,6 z=5,1,4,0,2,3,6
CLASS 602 orbit=1008 m=1 x=0,2,4,1,5,3,6 y=0,2,1,3,4,5,6 z=2,4,5,0,1,3,6
CLASS 608 orbit=5040 m=1 x=0,6,1,2,5,3,4 y=0,1,2,3,4,5,6 z=6,0,2,5,1,3,4
CLASS 609 orbit=5040 m=1 x=0,1,6,2,5,3,4 y=0,2,5,1,3,4,6 z=1,6,0,2,3,4,5
CLASS 610 orbit=5040 m=1 x=0,2,6,1,5,3,4 y=0,2,1,3,4,5,6 z=2,6,0,5,1,3,4
CLASS 611 orbit=5040 m=1 x=0,1,2,6,5,3,4 y=0,2,5,1,3,4,6 z=1,2,6,0,3,4,5
CLASS 612 orbit=5040 m=1 x=0,3,6,1,2,5,4 y=0,1,2,3,4,5,6 z=3,6,0,2,5,1,4
CLASS 613 orbit=5040 m=1 x=0,1,6,5,3,2,4 y=0,5,2,1,3,4,6 z=1,6,3,0,2,4,5
CLASS 614 orbit=5040 m=1 x=0,2,3,6,1,5,4 y=0,2,1,3,4,5,6 z=2,3,6,0,5,1,4
CLASS 615 orbit=5040 m=1 x=0,1,2,6,5,3,4 y=0,2,5,1,3,4,6 z=1,2,6,3,0,4,5
CLASS 616 orbit=5040 m=1 x=0,4,6,1,2,5,3 y=0,1,2,3,4,5,6 z=4,6,0,2,5,1,3
CLASS 617 orbit=5040 m=1 x=0,1,6,5,4,2,3 y=0,5,2,1,3,4,6 z=1,6,4,0,2,3,5
CLASS 618 orbit=5040 m=1 x=0,2,4,6,1,5,3 y=0,2,1,3,4,5,6 z=2,4,6,0,5,1,3
CLASS 619 orbit=5040 m=1 x=0,1,2,6,5,4,3 y=0,2,5,1,3,4,6 z=1,2,6,4,0,3,5
CLASS 620 orbit=5040 m=1 x=0,3,4,6,1,2,5 y=0,1,2,3,4,5,6 z=3,4,6,0,2,5,1
CLASS 621 orbit=5040 m=1 x=0,1,6,5,3,4,2 y=0,2,5,1,3,4,6 z=1,6,3,4,0,5,2
CLASS 622 orbit=5040 m=1 x=0,2,3,4,6,1,5 y=0,2,1,3,4,5,6 z=2,3,4,6,0,5,1
CLASS 624 orbit=5040 m=1 x=0,5,6,2,3,4,1 y=0,2,3,4,5,1,6 z=5,6,0,2,1,3,4
CLASS 625 orbit=5040 m=1 x=0,1,5,6,2,3,4 y=0,2,1,3,4,5,6 z=5,1,6,0,2,3,4
CLASS 626 orbit=5040 m=1 x=0,2,5,6,3,4,1 y=0,2,3,4,5,1,6 z=2,5,6,0,1,3,4
CLASS 627 orbit=5040 m=1 x=0,1,2,5,6,3,4 y=0,1,2,3,4,5,6 z=2,5,1,6,0,3,4
CLASS 628 orbit=5040 m=1 x=0,3,6,1,5,2,4 y=0,1,2,3,4,5,6 z=3,6,5,0,2,1,4
CLASS 629 orbit=5040 m=1 x=0,1,5,3,6,2,4 y=0,2,1,3,4,5,6 z=5,1,3,6,0,2,4
CLASS 630 orbit=5040 m=1 x=0,2,3,6,1,5,4 y=0,2,1,3,4,5,6 z=2,3,6,5,0,1,4
CLASS 632 orbit=5040 m=1 x=0,4,6,1,5,2,3 y=0,1,2,3,4,5,6 z=4,6,5,0,2,1,3
CLASS 633 orbit=5040 m=1 x=0,1,5,4,6,2,3 y=0,2,1,3,4,5,6 z=5,1,4,6,0,2,3
CLASS 634 orbit=5040 m=1 x=0,2,4,6,1,5,3 y=0,2,1,3,4,5,6 z=2,4,6,5,0,1,3
CLASS 636 orbit=5040 m=1 x=0,3,4,6,1,5,2 y=0,1,2,3,4,5,6 z=3,4,6,5,0,2,1
CLASS 664 orbit=5040 m=1 x=0,4,1,5,3,2,6 y=0,1,2,3,4,5,6 z=4,5,0,3,1,2,6
CLASS 665 orbit=5040 m=1 x=0,1,5,4,3,2,6 y=0,3,1,2,4,5,6 z=5,1,4,0,2,3,6
CLASS 672 orbit=5040 m=1 x=0,6,1,3,5,2,4 y=0,1,2,3,4,5,6 z=6,0,3,5,1,2,4
CLASS 673 orbit=5040 m=1 x=0,1,6,3,5,2,4 y=0,3,5,1,2,4,6 z=1,6,0,2,3,4,5
CLASS 674 orbit=5040 m=1 x=0,2,6,1,3,5,4 y=0,1,2,3,4,5,6 z=2,6,0,3,5,1,4
CLASS 675 orbit=5040 m=1 x=0,1,6,3,5,2,4 y=0,3,5,1,2,4,6 z=1,6,2,0,3,4,5
CLASS 676 orbit=5040 m=1 x=0,3,6,2,1,5,4 y=0,2,3,5,1,4,6 z=3,6,0,1,2,4,5
CLASS 677 orbit=5040 m=1 x=0,1,6,3,5,2,4 y=1,6,0,2,3,4,5 z=3,0,5,1,2,4,6
CLASS 678 orbit=5040 m=1 x=0,2,6,1,3,5,4 y=0,1,2,3,4,5,6 z=2,6,3,0,5,1,4
CLASS 679 orbit=5040 m=1 x=0,1,3,6,5,4,2 y=0,3,5,1,4,6,2 z=1,2,3,6,0,4,5
CLASS 680 orbit=5040 m=1 x=0,4,6,1,3,5,2 y=0,1,2,3,4,5,6 z=4,6,0,3,5,1,2
CLASS 681 orbit=5040 m=1 x=0,1,6,5,4,3,2 y=0,3,5,1,2,4,6 z=1,6,4,0,2,5,3
CLASS 682 orbit=5040 m=1 x=0,2,4,6,1,3,5 y=0,1,2,3,4,5,6 z=2,4,6,0,3,5,1
CLASS 683 orbit=5040 m=1 x=0,1,6,5,4,3,2 y=0,3,5,1,2,4,6 z=1,6,4,2,0,5,3
CLASS 684 orbit=5040 m=1 x=0,3,6,5,4,2,1 y=0,2,3,5,1,4,6 z=3,6,4,0,5,1,2
CLASS 685 orbit=5040 m=1 x=0,1,6,5,3,4,2 y=0,5,1,2,6,3,4 z=3,1,4,6,0,2,5
CLASS 686 orbit=5040 m=1 x=0,2,4,6,1,3,5 y=0,1,2,3,4,5,6 z=2,4,6,3,0,5,1
CLASS 688 orbit=5040 m=1 x=0,5,6,2,4,1,3 y=0,2,3,4,5,1,6 z=5,6,0,1,2,4,3
CLASS 689 orbit=5040 m=1 x=0,1,5,6,3,2,4 y=0,3,1,2,4,5,6 z=5,1,6,0,2,3,4
CLASS 690 orbit=5040 m=1 x=0,2,6,1,5,3,4 y=0,1,2,3,4,5,6 z=2,6,5,0,3,1,4
CLASS 691 orbit=5040 m=1 x=0,1,5,6,3,2,4 y=0,3,1,2,4,5,6 z=5,1,6,2,0,3,4
CLASS 692 orbit=5040 m=1 x=0,3,5,6,2,4,1 y=0,2,3,4,5,1,6 z=3,5,6,0,1,2,4
CLASS 693 orbit=5040 m=1 x=0,1,3,5,6,2,4 y=0,1,2,3,4,5,6 z=3,5,1,6,0,2,4
CLASS 694 orbit=5040 m=1 x=0,2,6,1,3,5,4 y=0,1,2,3,4,5,6 z=2,6,3,5,0,1,4
CLASS 696 orbit=5040 m=1 x=0,4,6,1,5,3,2 y=0,1,2,3,4,5,6 z=4,6,5,0,3,1,2
CLASS 697 orbit=5040 m=1 x=0,1,5,4,6,3,2 y=0,3,1,2,4,5,6 z=5,1,4,6,0,2,3
CLASS 698 orbit=5040 m=1 x=0,2,4,6,1,5,3 y=0,1,2,3,4,5,6 z=2,4,6,5,0,3,1
CLASS 700 orbit=5040 m=1 x=0,3,5,4,6,2,1 y=0,2,3,5,1,4,6 z=3,4,5,6,0,1,2
CLASS 729 orbit=1680 m=1 x=0,1,5,4,2,3,6 y=0,2,3,1,4,5,6 z=5,1,4,0,2,3,6
CLASS 736 orbit=1680 m=1 x=0,6,1,2,3,5,4 y=0,1,2,3,4,5,6 z=6,0,2,3,5,1,4
CLASS 737 orbit=5040 m=1 x=0,1,6,2,3,5,4 y=0,2,3,5,1,4,6 z=1,6,0,2,3,4,5
CLASS 738 orbit=1680 m=1 x=0,2,6,1,3,5,4 y=0,2,1,3,4,5,6 z=2,6,0,3,5,1,4
CLASS 739 orbit=5040 m=1 x=0,1,2,6,3,5,4 y=0,2,3,5,1,4,6 z=1,2,6,0,3,4,5
CLASS 740 orbit=1680 m=1 x=0,3,6,1,2,5,4 y=0,2,3,5,1,4,6 z=3,6,0,1,2,4,5
CLASS 741 orbit=5040 m=1 x=0,1,3,6,2,5,4 y=0,2,3,5,1,4,6 z=1,3,6,0,2,4,5
CLASS 742 orbit=1680 m=1 x=0,2,3,6,1,5,4 y=0,2,3,1,4,5,6 z=2,3,6,0,5,1,4
CLASS 743 orbit=5040 m=1 x=0,1,2,3,6,5,4 y=0,2,3,5,1,4,6 z=1,2,3,6,0,4,5
CLASS 745 orbit=5040 m=1 x=0,1,6,5,4,2,3 y=0,2,3,5,1,4,6 z=1,6,4,0,5,2,3
CLASS 747 orbit=5040 m=1 x=0,1,2,6,5,4,3 y=0,2,3,5,1,4,6 z=1,2,6,4,0,5,3
CLASS 749 orbit=5040 m=1 x=0,1,3,6,5,4,2 y=0,2,3,5,1,4,6 z=1,3,6,4,0,5,2
CLASS 761 orbit=1680 m=1 x=0,1,5,4,6,2,3 y=0,2,3,1,4,5,6 z=5,1,4,6,0,2,3
CLASS 792 orbit=1680 m=1 x=0,1,4,5,2,3,6 y=0,1,2,3,4,5,6 z=4,5,0,1,2,3,6
CLASS 800 orbit=5040 m=1 x=0,6,1,4,5,2,3 y=0,1,2,3,4,5,6 z=6,0,4,5,1,2,3
CLASS 801 orbit=5040 m=1 x=0,1,6,4,5,2,3 y=0,4,5,1,2,3,6 z=1,6,0,2,3,4,5
CLASS 802 orbit=5040 m=1 x=0,2,6,1,4,5,3 y=0,1,2,3,4,5,6 z=2,6,0,4,5,1,3
CLASS 803 orbit=5040 m=1 x=0,1,6,4,5,2,3 y=0,4,5,1,2,3,6 z=1,6,2,0,3,4,5
CLASS 804 orbit=5040 m=1 x=0,3,6,1,4,5,2 y=0,1,2,3,4,5,6 z=3,6,0,4,5,1,2
CLASS 805 orbit=5040 m=1 x=0,1,6,4,5,3,2 y=0,4,5,1,2,3,6 z=1,6,3,0,2,4,5
CLASS 806 orbit=5040 m=1 x=0,2,3,6,1,4,5 y=0,1,2,3,4,5,6 z=2,3,6,0,4,5,1
CLASS 807 orbit=5040 m=1 x=0,1,6,4,5,2,3 y=0,4,5,1,2,3,6 z=1,6,2,3,0,4,5
CLASS 808 orbit=5040 m=1 x=0,4,6,2,3,1,5 y=0,2,3,4,5,1,6 z=4,6,0,1,2,3,5
CLASS 809 orbit=5040 m=1 x=0,1,6,4,5,2,3 y=1,6,0,2,3,4,5 z=4,0,5,1,2,3,6
CLASS 810 orbit=5040 m=1 x=0,2,6,1,4,5,3 y=0,1,2,3,4,5,6 z=2,6,4,0,5,1,3
CLASS 811 orbit=5040 m=1 x=0,1,6,4,5,2,3 y=1,6,2,0,3,4,5 z=4,0,5,1,2,3,6
CLASS 812 orbit=5040 m=1 x=0,3,6,1,4,5,2 y=0,1,2,3,4,5,6 z=3,6,4,0,5,1,2
CLASS 813 orbit=5040 m=1 x=0,1,6,4,5,3,2 y=1,3,6,0,2,4,5 z=4,0,5,1,2,6,3
CLASS 814 orbit=5040 m=1 x=0,2,3,6,1,4,5 y=0,1,2,3,4,5,6 z=2,3,6,4,0,5,1
CLASS 816 orbit=5040 m=1 x=0,5,6,2,3,1,4 y=0,2,3,4,5,1,6 z=5,6,0,1,2,3,4
CLASS 817 orbit=5040 m=1 x=0,1,5,6,4,2,3 y=0,4,1,2,3,5,6 z=5,1,6,0,2,3,4
CLASS 818 orbit=5040 m=1 x=0,2,6,1,5,4,3 y=0,1,2,3,4,5,6 z=2,6,5,0,4,1,3
CLASS 819 orbit=5040 m=1 x=0,1,5,6,4,2,3 y=0,4,1,2,3,5,6 z=5,1,6,2,0,3,4
CLASS 820 orbit=5040 m=1 x=0,3,6,1,5,4,2 y=0,1,2,3,4,5,6 z=3,6,5,0,4,1,2
CLASS 821 orbit=5040 m=1 x=0,1,5,6,4,3,2 y=0,4,1,2,3,5,6 z=5,1,6,3,0,2,4
CLASS 822 orbit=5040 m=1 x=0,2,3,6,1,5,4 y=0,1,2,3,4,5,6 z=2,3,6,5,0,4,1
CLASS 824 orbit=5040 m=1 x=0,4,5,6,2,3,1 y=0,2,3,4,5,1,6 z=4,5,6,0,1,2,3
CLASS 825 orbit=5040 m=1 x=0,1,4,5,6,2,3 y=0,1,2,3,4,5,6 z=4,5,1,6,0,2,3
CLASS 826 orbit=5040 m=1 x=0,2,6,1,4,5,3 y=0,1,2,3,4,5,6 z=2,6,4,5,0,1,3
CLASS 828 orbit=5040 m=1 x=0,3,6,1,4,5,2 y=0,1,2,3,4,5,6 z=3,6,4,5,0,1,2
CLASS 1072 orbit=5040 m=1 x=0,5,1,6,2,3,4 y=0,1,2,3,4,5,6 z=5,6,0,1,2,3,4
CLASS 1073 orbit=5040 m=1 x=0,1,6,5,2,3,4 y=0,1,2,3,4,5,6 z=6,1,5,0,2,3,4
CLASS 1074 orbit=5040 m=1 x=0,2,5,1,6,3,4 y=0,1,2,3,4,5,6 z=2,5,6,0,1,3,4
CLASS 1075 orbit=5040 m=1 x=0,1,6,2,5,3,4 y=0,1,2,3,4,5,6 z=6,1,2,5,0,3,4
CLASS 1076 orbit=5040 m=1 x=0,3,5,1,6,2,4 y=0,1,2,3,4,5,6 z=3,5,6,0,1,2,4
CLASS 1077 orbit=5040 m=1 x=0,1,6,3,5,2,4 y=0,1,2,3,4,5,6 z=6,1,3,5,0,2,4
CLASS 1078 orbit=5040 m=1 x=0,2,3,5,1,6,4 y=0,1,2,3,4,5,6 z=2,3,5,6,0,1,4
CLASS 1080 orbit=5040 m=1 x=0,4,5,1,6,2,3 y=0,1,2,3,4,5,6 z=4,5,6,0,1,2,3
CLASS 1081 orbit=5040 m=1 x=0,1,6,4,5,2,3 y=0,1,2,3,4,5,6 z=6,1,4,5,0,2,3
CLASS 1082 orbit=5040 m=1 x=0,2,4,5,1,6,3 y=0,1,2,3,4,5,6 z=2,4,5,6,0,1,3
CLASS 1137 orbit=5040 m=1 x=0,1,6,5,2,3,4 y=0,2,1,3,4,5,6 z=6,1,5,0,2,3,4
CLASS 1138 orbit=5040 m=1 x=0,2,5,1,6,3,4 y=0,2,1,3,4,5,6 z=2,5,6,0,1,3,4
CLASS 1139 orbit=5040 m=1 x=0,1,2,6,5,3,4 y=0,1,2,3,4,5,6 z=2,6,1,5,0,3,4
CLASS 1140 orbit=5040 m=1 x=0,3,5,1,6,2,4 y=0,1,2,3,4,5,6 z=3,5,6,0,2,1,4
CLASS 1141 orbit=5040 m=1 x=0,1,6,3,5,2,4 y=0,2,1,3,4,5,6 z=6,1,3,5,0,2,4
CLASS 1142 orbit=5040 m=1 x=0,2,3,5,1,6,4 y=0,2,1,3,4,5,6 z=2,3,5,6,0,1,4
CLASS 1144 orbit=5040 m=1 x=0,4,5,1,6,2,3 y=0,1,2,3,4,5,6 z=4,5,6,0,2,1,3
CLASS 1145 orbit=5040 m=1 x=0,1,6,4,5,2,3 y=0,2,1,3,4,5,6 z=6,1,4,5,0,2,3
CLASS 1192 orbit=5040 m=1 x=0,4,1,6,3,2,5 y=0,1,2,3,4,5,6 z=4,6,0,3,1,2,5
CLASS 1193 orbit=5040 m=1 x=0,1,6,4,3,2,5 y=0,3,1,2,4,5,6 z=6,1,4,0,2,3,5
CLASS 1194 orbit=5040 m=1 x=0,2,4,1,6,3,5 y=0,1,2,3,4,5,6 z=2,4,6,0,3,1,5
CLASS 1196 orbit=5040 m=1 x=0,3,6,5,4,2,1 y=0,2,3,5,6,1,4 z=3,4,6,0,1,5,2
CLASS 1200 orbit=5040 m=1 x=0,5,1,6,3,2,4 y=0,1,2,3,4,5,6 z=5,6,0,3,1,2,4
CLASS 1201 orbit=5040 m=1 x=0,1,6,5,3,2,4 y=0,3,1,2,4,5,6 z=6,1,5,0,2,3,4
CLASS 1202 orbit=5040 m=1 x=0,2,5,1,6,3,4 y=0,1,2,3,4,5,6 z=2,5,6,0,3,1,4
CLASS 1203 orbit=5040 m=1 x=0,1,6,5,3,2,4 y=0,3,1,2,4,5,6 z=6,1,5,2,0,3,4
CLASS 1204 orbit=5040 m=1 x=0,3,6,5,2,4,1 y=0,2,3,4,6,1,5 z=3,5,6,0,1,2,4
CLASS 1205 orbit=5040 m=1 x=0,1,3,6,5,2,4 y=0,1,2,3,4,5,6 z=3,6,1,5,0,2,4
CLASS 1206 orbit=5040 m=1 x=0,2,5,1,3,6,4 y=0,1,2,3,4,5,6 z=2,5,3,6,0,1,4
CLASS 1208 orbit=5040 m=1 x=0,4,5,1,6,3,2 y=0,1,2,3,4,5,6 z=4,5,6,0,3,1,2
CLASS 1209 orbit=5040 m=1 x=0,1,6,4,5,3,2 y=0,3,1,2,4,5,6 z=6,1,4,5,0,2,3
CLASS 1265 orbit=5040 m=1 x=0,1,6,5,2,3,4 y=0,2,3,1,4,5,6 z=6,1,5,0,2,3,4
CLASS 1267 orbit=5040 m=1 x=0,1,6,2,5,3,4 y=0,2,3,1,4,5,6 z=6,1,2,5,0,3,4
CLASS 1269 orbit=5040 m=1 x=0,1,3,6,5,2,4 y=0,2,1,3,4,5,6 z=3,6,1,5,0,2,4
CLASS 1270 orbit=1008 m=1 x=0,2,3,5,1,6,4 y=0,2,3,1,4,5,6 z=2,3,5,6,0,1,4
CLASS 1272 orbit=5040 m=1 x=0,4,5,1,6,2,3 y=0,1,2,3,4,5,6 z=4,5,6,0,2,3,1
CLASS 1273 orbit=5040 m=1 x=0,1,6,4,5,2,3 y=0,2,3,1,4,5,6 z=6,1,4,5,0,2,3
CLASS 1322 orbit=5040 m=1 x=0,2,1,4,6,3,5 y=0,1,2,3,4,5,6 z=2,4,6,0,1,3,5
CLASS 1324 orbit=5040 m=1 x=0,3,1,4,6,2,5 y=0,1,2,3,4,5,6 z=3,4,6,0,1,2,5
CLASS 1325 orbit=5040 m=1 x=0,1,4,6,3,2,5 y=0,1,2,3,4,5,6 z=4,6,1,3,0,2,5
CLASS 1328 orbit=5040 m=1 x=0,5,1,6,4,2,3 y=0,1,2,3,4,5,6 z=5,6,0,4,1,2,3
CLASS 1329 orbit=5040 m=1 x=0,1,6,5,4,2,3 y=0,4,1,2,3,5,6 z=6,1,5,0,2,3,4
CLASS 1330 orbit=5040 m=1 x=0,2,5,1,6,4,3 y=0,1,2,3,4,5,6 z=2,5,6,0,4,1,3
CLASS 1331 orbit=5040 m=1 x=0,1,6,5,4,2,3 y=0,4,1,2,3,5,6 z=6,1,5,2,0,3,4
CLASS 1332 orbit=5040 m=1 x=0,3,5,1,6,4,2 y=0,1,2,3,4,5,6 z=3,5,6,0,4,1,2
CLASS 1333 orbit=5040 m=1 x=0,1,6,5,4,3,2 y=0,4,1,2,3,5,6 z=6,1,5,3,0,2,4
CLASS 1336 orbit=5040 m=1 x=0,4,6,5,2,3,1 y=0,2,3,4,6,1,5 z=4,5,6,0,1,2,3
CLASS 1337 orbit=5040 m=1 x=0,1,4,6,5,2,3 y=0,1,2,3,4,5,6 z=4,6,1,5,0,2,3
CLASS 1388 orbit=5040 m=1 x=0,3,1,4,6,2,5 y=0,1,2,3,4,5,6 z=3,4,6,0,2,1,5
CLASS 1389 orbit=5040 m=1 x=0,1,4,6,3,2,5 y=0,2,1,3,4,5,6 z=4,6,1,3,0,2,5
CLASS 1392 orbit=5040 m=1 x=0,5,1,6,2,4,3 y=0,1,2,3,4,5,6 z=5,6,0,2,4,1,3
CLASS 1393 orbit=5040 m=1 x=0,1,6,5,2,4,3 y=0,2,4,1,3,5,6 z=6,1,5,0,2,3,4
CLASS 1394 orbit=5040 m=1 x=0,2,5,1,6,4,3 y=0,2,1,3,4,5,6 z=2,5,6,0,4,1,3
CLASS 1395 orbit=5040 m=1 x=0,1,6,2,5,4,3 y=0,2,4,1,3,5,6 z=6,1,2,5,0,3,4
CLASS 1396 orbit=5040 m=1 x=0,3,5,1,6,2,4 y=0,1,2,3,4,5,6 z=3,5,6,0,2,4,1
CLASS 1397 orbit=5040 m=1 x=0,1,6,5,4,3,2 y=0,2,4,1,3,5,6 z=6,1,5,3,0,4,2
CLASS 1400 orbit=5040 m=1 x=0,4,6,5,2,3,1 y=0,2,3,4,6,1,5 z=4,5,6,0,2,1,3
CLASS 1401 orbit=5040 m=1 x=0,1,4,6,5,2,3 y=0,2,1,3,4,5,6 z=4,6,1,5,0,2,3
CLASS 1456 orbit=5040 m=1 x=0,5,1,6,3,4,2 y=0,1,2,3,4,5,6 z=5,6,0,3,4,1,2
CLASS 1457 orbit=5040 m=1 x=0,1,6,5,3,4,2 y=0,3,4,1,2,5,6 z=6,1,5,0,2,3,4
CLASS 1458 orbit=5040 m=1 x=0,2,5,1,6,3,4 y=0,1,2,3,4,5,6 z=2,5,6,0,3,4,1
CLASS 1459 orbit=5040 m=1 x=0,1,6,5,3,4,2 y=0,3,4,1,2,5,6 z=6,1,5,2,0,3,4
CLASS 1460 orbit=5040 m=1 x=0,3,6,5,2,1,4 y=0,2,3,4,6,1,5 z=3,5,6,0,1,2,4
CLASS 1461 orbit=5040 m=1 x=0,1,6,5,3,4,2 y=1,5,0,2,3,4,6 z=6,3,0,4,1,2,5
CLASS 1464 orbit=5040 m=1 x=0,4,6,5,2,1,3 y=0,2,3,4,6,1,5 z=4,5,6,0,1,2,3
CLASS 1465 orbit=5040 m=1 x=0,1,4,6,5,3,2 y=0,3,1,2,4,5,6 z=4,6,1,5,0,2,3
CLASS 1521 orbit=1680 m=1 x=0,1,6,5,2,3,4 y=0,2,3,4,1,5,6 z=6,1,5,0,2,3,4
CLASS 1523 orbit=1680 m=1 x=0,1,2,6,5,3,4 y=0,2,3,4,6,1,5 z=1,2,5,6,0,3,4
CLASS 1525 orbit=1680 m=1 x=0,1,3,6,5,2,4 y=0,2,3,4,6,1,5 z=1,3,5,6,0,2,4
CLASS 1529 orbit=1680 m=1 x=0,1,4,6,5,2,3 y=0,2,3,1,4,5,6 z=4,6,1,5,0,2,3
CLASS 1584 orbit=5040 m=1 x=0,1,5,6,2,3,4 y=0,1,2,3,4,5,6 z=5,6,0,1,2,3,4
CLASS 1586 orbit=5040 m=1 x=0,2,1,5,6,3,4 y=0,1,2,3,4,5,6 z=2,5,6,0,1,3,4
CLASS 1587 orbit=5040 m=1 x=0,1,5,6,2,3,4 y=0,1,2,3,4,5,6 z=5,6,1,2,0,3,4
CLASS 1588 orbit=5040 m=1 x=0,3,1,5,6,2,4 y=0,1,2,3,4,5,6 z=3,5,6,0,1,2,4
CLASS 1589 orbit=5040 m=1 x=0,1,5,6,3,2,4 y=0,1,2,3,4,5,6 z=5,6,1,3,0,2,4
CLASS 1592 orbit=5040 m=1 x=0,4,1,5,6,2,3 y=0,1,2,3,4,5,6 z=4,5,6,0,1,2,3
CLASS 1593 orbit=5040 m=1 x=0,1,5,6,4,2,3 y=0,1,2,3,4,5,6 z=5,6,1,4,0,2,3
CLASS 1650 orbit=1680 m=1 x=0,1,2,5,6,3,4 y=0,1,2,3,4,5,6 z=2,5,6,0,1,3,4
CLASS 1652 orbit=5040 m=1 x=0,3,1,5,6,2,4 y=0,1,2,3,4,5,6 z=3,5,6,0,2,1,4
CLASS 1653 orbit=5040 m=1 x=0,1,5,6,3,2,4 y=0,2,1,3,4,5,6 z=5,6,1,3,0,2,4
CLASS 1656 orbit=5040 m=1 x=0,4,1,5,6,2,3 y=0,1,2,3,4,5,6 z=4,5,6,0,2,1,3
CLASS 1657 orbit=5040 m=1 x=0,1,5,6,4,2,3 y=0,2,1,3,4,5,6 z=5,6,1,4,0,2,3
CLASS 1720 orbit=5040 m=1 x=0,4,1,5,6,3,2 y=0,1,2,3,4,5,6 z=4,5,6,0,3,1,2
CLASS 1721 orbit=5040 m=1 x=0,1,5,6,4,3,2 y=0,3,1,2,4,5,6 z=5,6,1,4,0,2,3
CLASS 4640 orbit=1680 m=1 x=0,6,1,5,2,4,3 y=0,1,2,3,4,5,6 z=6,0,5,1,4,2,3
CLASS 4641 orbit=1680 m=1 x=0,1,6,5,2,4,3 y=0,5,1,2,3,4,6 z=1,6,0,4,2,3,5
CLASS 4642 orbit=5040 m=1 x=0,2,6,1,5,4,3 y=0,1,4,2,3,5,6 z=2,6,0,5,1,3,4
CLASS 4643 orbit=5040 m=1 x=0,1,6,5,2,4,3 y=0,5,1,4,2,3,6 z=1,6,2,0,3,4,5
CLASS 4646 orbit=5040 m=1 x=0,2,6,4,3,1,5 y=0,1,4,2,3,5,6 z=2,6,3,0,4,5,1
CLASS 4654 orbit=1680 m=1 x=0,2,4,3,6,1,5 y=0,1,2,3,4,5,6 z=4,2,3,6,0,5,1
CLASS 4656 orbit=1680 m=1 x=0,5,6,2,4,3,1 y=0,2,3,4,5,1,6 z=5,6,0,1,4,2,3
CLASS 4657 orbit=1680 m=1 x=0,1,5,6,2,4,3 y=0,1,2,3,4,5,6 z=5,1,6,0,4,2,3
CLASS 4658 orbit=5040 m=1 x=0,2,6,1,5,4,3 y=0,1,4,2,3,5,6 z=2,6,5,0,1,3,4
CLASS 4659 orbit=5040 m=1 x=0,1,5,2,6,4,3 y=0,1,4,2,3,5,6 z=5,1,2,6,0,3,4
CLASS 4692 orbit=1680 m=1 x=0,3,1,5,2,4,6 y=0,2,1,3,4,5,6 z=3,5,0,1,4,2,6
CLASS 4704 orbit=5040 m=1 x=0,6,1,2,5,4,3 y=0,1,4,2,3,5,6 z=6,0,2,5,1,3,4
CLASS 4705 orbit=5040 m=1 x=0,1,6,2,5,4,3 y=0,2,5,1,3,4,6 z=1,6,0,4,2,3,5
CLASS 4706 orbit=5040 m=1 x=0,2,6,4,1,5,3 y=0,4,2,5,1,3,6 z=2,6,0,1,3,4,5
CLASS 4707 orbit=5040 m=1 x=0,1,6,2,5,4,3 y=1,6,0,4,2,3,5 z=2,0,5,1,3,4,6
CLASS 4708 orbit=5040 m=1 x=0,3,6,1,5,2,4 y=0,2,1,3,4,5,6 z=3,6,0,5,1,4,2
CLASS 4709 orbit=5040 m=1 x=0,1,6,5,3,2,4 y=0,2,5,1,3,4,6 z=1,6,3,0,4,5,2
CLASS 4710 orbit=5040 m=1 x=0,2,6,5,4,3,1 y=0,4,2,5,1,3,6 z=2,6,3,0,5,1,4
CLASS 4712 orbit=5040 m=1 x=0,4,6,1,5,3,2 y=0,1,3,4,2,5,6 z=4,6,0,5,2,1,3
CLASS 4713 orbit=5040 m=1 x=0,1,6,2,5,4,3 y=0,2,5,1,3,4,6 z=1,6,4,0,2,3,5
CLASS 4714 orbit=5040 m=1 x=0,2,4,6,1,5,3 y=0,2,1,3,4,5,6 z=4,2,6,0,5,1,3
CLASS 4715 orbit=5040 m=1 x=0,1,2,6,5,4,3 y=0,2,5,1,3,6,4 z=1,4,2,6,0,3,5
CLASS 4716 orbit=5040 m=1 x=0,3,6,2,4,1,5 y=0,2,1,3,4,5,6 z=3,6,4,0,2,5,1
CLASS 4718 orbit=5040 m=1 x=0,2,4,3,6,1,5 y=0,2,1,3,4,5,6 z=4,2,3,6,0,5,1
CLASS 4720 orbit=5040 m=1 x=0,5,6,2,4,3,1 y=0,4,2,3,5,1,6 z=5,6,0,2,1,3,4
CLASS 4721 orbit=5040 m=1 x=0,1,5,6,2,4,3 y=0,2,1,3,4,5,6 z=5,1,6,0,4,2,3
CLASS 4722 orbit=5040 m=1 x=0,2,5,6,4,3,1 y=0,4,2,3,5,1,6 z=2,5,6,0,1,3,4
CLASS 4724 orbit=5040 m=1 x=0,3,6,1,5,2,4 y=0,2,1,3,4,5,6 z=3,6,5,0,1,4,2
CLASS 4725 orbit=5040 m=1 x=0,1,5,3,6,2,4 y=0,2,1,3,4,5,6 z=5,1,3,6,0,4,2
CLASS 4728 orbit=5040 m=1 x=0,4,6,1,5,3,2 y=0,1,3,4,2,5,6 z=4,6,5,0,2,1,3
CLASS 4729 orbit=5040 m=1 x=0,1,5,6,2,4,3 y=0,2,1,3,4,5,6 z=5,1,6,4,0,2,3
CLASS 5168 orbit=1680 m=1 x=0,5,1,6,2,4,3 y=0,1,2,3,4,5,6 z=5,6,0,1,4,2,3
CLASS 5169 orbit=1680 m=1 x=0,1,6,5,2,4,3 y=0,1,2,3,4,5,6 z=6,1,5,0,4,2,3
CLASS 5170 orbit=5040 m=1 x=0,2,5,1,6,4,3 y=0,1,4,2,3,5,6 z=2,5,6,0,1,3,4
CLASS 5171 orbit=5040 m=1 x=0,1,6,2,5,4,3 y=0,1,4,2,3,5,6 z=6,1,2,5,0,3,4
CLASS 5228 orbit=5040 m=1 x=0,4,3,1,6,2,5 y=0,1,4,2,3,5,6 z=3,4,6,0,2,1,5
CLASS 5232 orbit=5040 m=1 x=0,5,1,6,2,4,3 y=0,1,4,2,3,5,6 z=5,6,0,2,1,3,4
CLASS 5233 orbit=5040 m=1 x=0,1,6,5,2,4,3 y=0,2,1,3,4,5,6 z=6,1,5,0,4,2,3
CLASS 5234 orbit=5040 m=1 x=0,2,6,5,4,3,1 y=0,4,2,3,6,1,5 z=2,5,6,0,1,3,4
CLASS 5235 orbit=5040 m=1 x=0,1,2,6,5,4,3 y=0,1,4,2,3,5,6 z=2,6,1,5,0,3,4
CLASS 5236 orbit=5040 m=1 x=0,3,5,1,6,2,4 y=0,2,1,3,4,5,6 z=3,5,6,0,1,4,2
CLASS 5237 orbit=5040 m=1 x=0,1,6,3,5,2,4 y=0,2,1,3,4,5,6 z=6,1,3,5,0,4,2
CLASS 5240 orbit=5040 m=1 x=0,4,5,1,6,3,2 y=0,1,3,4,2,5,6 z=4,5,6,0,2,1,3
CLASS 5241 orbit=5040 m=1 x=0,1,6,5,2,4,3 y=0,2,1,3,4,5,6 z=6,1,5,4,0,2,3
CLASS 5360 orbit=5040 m=1 x=0,5,1,6,2,4,3 y=0,1,4,2,3,5,6 z=5,6,0,2,3,1,4
CLASS 5361 orbit=5040 m=1 x=0,1,6,5,2,4,3 y=0,2,3,1,4,5,6 z=6,1,5,0,4,2,3
CLASS 5362 orbit=5040 m=1 x=0,2,6,5,4,1,3 y=0,4,2,3,6,1,5 z=2,5,6,0,1,3,4
CLASS 5363 orbit=5040 m=1 x=0,1,6,5,2,4,3 y=1,5,0,4,2,3,6 z=6,2,0,3,1,4,5
CLASS 5364 orbit=5040 m=1 x=0,3,5,1,6,2,4 y=0,2,3,1,4,5,6 z=3,5,6,0,1,4,2
CLASS 5365 orbit=5040 m=1 x=0,1,3,6,5,2,4 y=0,2,1,3,4,5,6 z=3,6,1,5,0,4,2
CLASS 5368 orbit=5040 m=1 x=0,4,5,1,6,3,2 y=0,1,3,4,2,5,6 z=4,5,6,0,2,3,1
CLASS 5369 orbit=5040 m=1 x=0,1,6,5,2,4,3 y=0,2,3,1,4,5,6 z=6,1,5,4,0,2,3
CLASS 5617 orbit=560 m=1 x=0,1,6,5,2,4,3 y=0,2,3,4,1,5,6 z=6,1,5,0,4,2,3
CLASS 5619 orbit=1680 m=1 x=0,1,2,6,5,4,3 y=0,4,2,3,6,1,5 z=1,2,5,6,0,3,4
CLASS 5680 orbit=1680 m=1 x=0,1,5,6,2,4,3 y=0,1,2,3,4,5,6 z=5,6,0,1,4,2,3
CLASS 5682 orbit=5040 m=1 x=0,2,1,5,6,4,3 y=0,1,4,2,3,5,6 z=2,5,6,0,1,3,4
CLASS 5683 orbit=5040 m=1 x=0,1,5,6,2,4,3 y=0,1,4,2,3,5,6 z=5,6,1,2,0,3,4
CLASS 5748 orbit=5040 m=1 x=0,3,1,5,6,2,4 y=0,2,1,3,4,5,6 z=3,5,6,0,1,4,2
CLASS 5749 orbit=5040 m=1 x=0,1,5,6,3,2,4 y=0,2,1,3,4,5,6 z=5,6,1,3,0,4,2
CLASS 8992 orbit=1008 m=1 x=0,6,1,4,2,5,3 y=0,1,2,3,4,5,6 z=6,0,4,5,1,2,3
CLASS 8993 orbit=5040 m=1 x=0,1,6,4,2,5,3 y=0,4,5,1,2,3,6 z=1,6,0,2,3,4,5
CLASS 8995 orbit=5040 m=1 x=0,1,6,4,2,5,3 y=0,4,5,1,2,3,6 z=1,6,2,0,3,4,5
CLASS 8997 orbit=5040 m=1 x=0,1,6,5,4,3,2 y=0,4,5,1,2,3,6 z=1,6,3,0,5,2,4
CLASS 9256 orbit=5040 m=1 x=0,4,1,6,2,5,3 y=0,1,2,3,4,5,6 z=4,6,0,1,5,2,3
CLASS 9257 orbit=5040 m=1 x=0,1,6,4,2,5,3 y=0,1,2,3,4,5,6 z=6,1,4,0,5,2,3
CLASS 9258 orbit=5040 m=1 x=0,6,2,5,4,3,1 y=2,4,0,3,5,6,1 z=6,0,1,5,2,3,4
CLASS 9259 orbit=5040 m=1 x=0,1,6,2,5,4,3 y=0,1,5,2,3,4,6 z=6,1,2,4,0,3,5
CLASS 9260 orbit=5040 m=1 x=0,3,4,1,6,2,5 y=0,1,2,3,4,5,6 z=3,4,6,0,1,5,2
CLASS 9268 orbit=5040 m=1 x=0,6,3,2,5,4,1 y=3,5,0,2,4,6,1 z=6,0,1,2,3,4,5
CLASS 9269 orbit=5040 m=1 x=0,1,6,3,2,5,4 y=0,1,2,3,4,5,6 z=6,1,3,5,0,2,4
CLASS 9272 orbit=5040 m=1 x=0,5,4,1,6,3,2 y=0,1,3,5,2,4,6 z=4,5,6,0,1,2,3
CLASS 9273 orbit=5040 m=1 x=0,1,6,4,2,5,3 y=0,1,2,3,4,5,6 z=6,1,4,5,0,2,3
CLASS 9320 orbit=5040 m=1 x=0,4,1,6,2,5,3 y=0,2,1,3,4,5,6 z=4,6,0,1,5,2,3
CLASS 9321 orbit=5040 m=1 x=0,1,6,4,2,5,3 y=0,2,1,3,4,5,6 z=6,1,4,0,5,2,3
CLASS 9323 orbit=5040 m=1 x=0,1,2,6,5,4,3 y=0,1,5,2,3,4,6 z=2,6,1,4,0,3,5
CLASS 9324 orbit=5040 m=1 x=0,3,4,1,6,2,5 y=0,2,1,3,4,5,6 z=3,4,6,0,1,5,2
CLASS 9332 orbit=5040 m=1 x=0,6,3,2,5,4,1 y=3,5,0,2,4,6,1 z=6,0,2,1,3,4,5
CLASS 9333 orbit=5040 m=1 x=0,1,6,3,2,5,4 y=0,2,1,3,4,5,6 z=6,1,3,5,0,2,4
CLASS 9336 orbit=5040 m=1 x=0,5,4,1,6,3,2 y=0,1,3,5,2,4,6 z=4,5,6,0,2,1,3
CLASS 9384 orbit=5040 m=1 x=0,4,1,6,3,2,5 y=0,1,2,3,4,5,6 z=4,6,0,3,1,5,2
CLASS 9385 orbit=5040 m=1 x=0,1,6,5,4,3,2 y=0,3,1,5,2,4,6 z=6,1,4,0,5,2,3
CLASS 9386 orbit=5040 m=1 x=0,6,2,5,4,1,3 y=2,4,0,3,5,6,1 z=6,0,1,5,2,3,4
CLASS 9387 orbit=1680 m=1 x=0,1,6,4,3,2,5 y=0,3,1,4,5,2,6 z=6,1,2,4,0,3,5
CLASS 9388 orbit=5040 m=1 x=0,4,1,3,6,2,5 y=0,1,2,3,4,5,6 z=4,3,6,0,1,5,2
CLASS 9392 orbit=5040 m=1 x=0,5,1,6,3,4,2 y=0,3,1,4,5,2,6 z=5,6,0,1,2,3,4
CLASS 9393 orbit=5040 m=1 x=0,1,6,5,3,4,2 y=0,3,1,4,5,2,6 z=6,1,5,0,2,3,4
CLASS 9394 orbit=5040 m=1 x=0,2,5,1,6,3,4 y=0,1,2,3,4,5,6 z=5,2,6,0,3,1,4
CLASS 9395 orbit=5040 m=1 x=0,1,6,5,3,4,2 y=0,3,1,4,5,2,6 z=6,1,5,2,0,3,4
CLASS 9396 orbit=5040 m=1 x=0,3,6,2,5,4,1 y=0,2,3,4,6,1,5 z=3,5,6,0,1,2,4
CLASS 9397 orbit=5040 m=1 x=0,1,3,6,2,5,4 y=0,1,2,3,4,5,6 z=3,6,1,5,0,2,4
CLASS 9400 orbit=5040 m=1 x=0,5,4,1,6,3,2 y=0,3,1,5,2,4,6 z=4,5,6,0,1,2,3
CLASS 9449 orbit=5040 m=1 x=0,1,6,4,2,5,3 y=0,2,3,1,4,5,6 z=6,1,4,0,5,2,3
CLASS 9452 orbit=5040 m=1 x=0,3,4,1,6,2,5 y=0,2,3,1,4,5,6 z=3,4,6,0,1,5,2
CLASS 9457 orbit=5040 m=1 x=0,1,6,2,5,3,4 y=0,2,3,1,4,5,6 z=6,1,5,0,2,3,4
CLASS 9464 orbit=5040 m=1 x=0,5,4,1,6,3,2 y=0,1,3,5,2,4,6 z=4,5,6,0,2,3,1
CLASS 9512 orbit=5040 m=1 x=0,1,4,6,2,5,3 y=0,1,2,3,4,5,6 z=4,6,0,1,5,2,3
CLASS 9514 orbit=5040 m=1 x=0,2,1,6,5,4,3 y=0,1,5,2,3,4,6 z=2,6,4,0,1,3,5
CLASS 9520 orbit=5040 m=1 x=0,5,1,6,4,3,2 y=0,4,1,3,5,2,6 z=5,6,0,1,2,3,4
CLASS 9521 orbit=5040 m=1 x=0,1,6,5,4,3,2 y=0,4,1,3,5,2,6 z=6,1,5,0,2,3,4
CLASS 9522 orbit=5040 m=1 x=0,2,5,1,6,4,3 y=0,1,2,3,4,5,6 z=5,2,6,0,4,1,3
CLASS 9524 orbit=5040 m=1 x=0,6,3,2,5,1,4 y=3,5,0,2,4,6,1 z=6,0,1,2,3,4,5
CLASS 9528 orbit=5040 m=1 x=0,4,6,2,5,3,1 y=0,2,3,4,6,1,5 z=4,5,6,0,1,2,3
CLASS 9529 orbit=5040 m=1 x=0,1,4,6,2,5,3 y=0,1,2,3,4,5,6 z=4,6,1,5,0,2,3
CLASS 9585 orbit=5040 m=1 x=0,1,6,2,5,4,3 y=0,2,4,1,3,5,6 z=6,1,5,0,2,3,4
CLASS 9586 orbit=5040 m=1 x=0,2,5,1,6,4,3 y=0,2,1,3,4,5,6 z=5,2,6,0,4,1,3
CLASS 9593 orbit=5040 m=1 x=0,1,4,6,2,5,3 y=0,2,1,3,4,5,6 z=4,6,1,5,0,2,3
CLASS 9649 orbit=5040 m=1 x=0,1,6,5,3,4,2 y=0,3,4,1,5,2,6 z=6,1,5,0,2,3,4
CLASS 9652 orbit=5040 m=1 x=0,3,6,2,5,1,4 y=0,2,3,4,6,1,5 z=3,5,6,0,1,2,4
CLASS 9653 orbit=5040 m=1 x=0,1,6,5,3,4,2 y=1,5,0,2,3,4,6 z=6,3,0,4,1,5,2
CLASS 9657 orbit=5040 m=1 x=0,1,6,5,4,3,2 y=0,3,1,5,2,4,6 z=6,4,1,5,0,2,3
CLASS 9780 orbit=5040 m=1 x=0,3,1,6,2,5,4 y=0,1,2,3,4,5,6 z=3,6,5,0,1,2,4
CLASS 9781 orbit=5040 m=1 x=0,1,5,6,3,4,2 y=1,3,0,4,5,2,6 z=5,6,0,1,2,3,4
CLASS 9784 orbit=5040 m=1 x=0,4,1,6,2,5,3 y=0,1,2,3,4,5,6 z=4,6,5,0,1,2,3
CLASS 9848 orbit=5040 m=1 x=0,4,1,6,2,5,3 y=0,1,2,3,4,5,6 z=4,6,5,0,2,1,3
CLASS 11369 orbit=5040 m=1 x=0,1,6,4,2,3,5 y=0,2,1,3,4,5,6 z=6,1,4,0,3,5,2
CLASS 11371 orbit=1680 m=1 x=0,1,2,6,5,4,3 y=0,1,3,5,2,4,6 z=2,6,1,4,0,5,3
CLASS 11384 orbit=5040 m=1 x=0,5,4,1,6,2,3 y=0,1,3,5,2,4,6 z=4,5,6,0,2,1,3
CLASS 11500 orbit=1680 m=1 x=0,3,4,1,6,2,5 y=0,3,2,1,4,5,6 z=3,4,6,0,1,5,2
CLASS 17976 orbit=720 m=1 x=0,4,1,5,2,6,3 y=0,1,2,3,4,5,6 z=4,5,6,0,1,2,3
CLASS 22066 orbit=1680 m=1 x=0,2,1,6,5,4,3 y=0,1,4,2,3,5,6 z=6,2,5,0,1,3,4
CLASS 85298 orbit=240 m=1 x=0,2,6,3,5,1,4 y=2,5,0,3,4,6,1 z=6,0,1,3,2,4,5
SUMMARY n=7 tournaments=2097152 classes=456 transitive_classes=1 stabilized_classes=455 distinct_pair_sums=5844259
