011000000001111111111111111111000000000000000000000
001000000001111111111111111111000000000000000000000
000000000001111111111111111111000000000000000000000
000011111110000000000000000000111111111111111111111
000001111110000000000000000000111111111111111111111
000000111110000000000000000000111111111111111111111
000000011110000000000000000000111111111111111111111
000000001110000000000000000000111111111111111111111
000000000110000000000000000000111111111111111111111
000000000010000000000000000000111111111111111111111
000000000000000000000000000000111111111111111111111
000111111110111111111111111111111111100000000000000
000111111110011111111111111111111111100000000000000
000111111110001111111111111111111111100000000000000
000111111110000111111111111111111111100000000000000
000111111110000011111111111111111111100000000000000
000111111110000001111111111111111111100000000000000
000111111110000000111111111111111111100000000000000
000111111110000000011111111111111111100000000000000
000111111110000000001111111111111111100000000000000
000111111110000000000111111111111111100000000000000
000111111110000000000011111111111111100000000000000
000111111110000000000001111111111111100000000000000
000111111110000000000000111111111111100000000000000
000111111110000000000000011111111111100000000000000
000111111110000000000000001111111111100000000000000
000111111110000000000000000111111111100000000000000
000111111110000000000000000011000000011111111111111
000111111110000000000000000001000000011111111111111
000111111110000000000000000000000000011111111111111
111000000000000000000000000111011111111111111111111
111000000000000000000000000111001111111111111111111
111000000000000000000000000111000111111111111111111
111000000000000000000000000111000011111111111111111
111000000000000000000000000111000001111111111111111
111000000000000000000000000111000000111111111111111
111000000000000000000000000111000000011111111111111
111000000001111111111111111000000000001111111111111
111000000001111111111111111000000000000111111111111
111000000001111111111111111000000000000011111111111
111000000001111111111111111000000000000001111111111
111000000001111111111111111000000000000000111111111
111000000001111111111111111000000000000000011111111
111000000001111111111111111000000000000000001111111
111000000001111111111111111000000000000000000111111
111000000001111111111111111000000000000000000011111
111000000001111111111111111000000000000000000001111
111000000001111111111111111000000000000000000000111
111000000001111111111111111000000000000000000000011
111000000001111111111111111000000000000000000000001
111000000001111111111111111000000000000000000000000
