0000001010
0000001101
0000010100
0000010111
0000011011
0000101100
0000110001
0000111010
0001000000
0001000111
0001001001
0001001110
0001010010
0001011000
0001011101
0001101011
0001101100
0001110000
0001110011
0001110101
0001111111
0010000011
0010000100
0010001101
0010001110
0010001111
0010010001
0010011000
0010011110
0010100100
0010100111
0010101001
0010101010
0010110010
0010110110
0010111101
0011000010
0011000011
0011001100
0011010100
0011010111
0011011011
0011100001
0011100110
0011101101
0011111000
0011111111
0100000001
0100000110
0100001100
0100010000
0100010010
0100011111
0100100010
0100100101
0100101000
0100101011
0100101111
0100110101
0100111110
0101000010
0101001101
0101001111
0101010011
0101010100
0101100001
0101100100
0101100111
0101110110
0101111001
0101111010
0101111100
0110000000
0110000111
0110001010
0110010100
0110011001
0110100010
0110101100
0110110000
0110110011
0110111011
0110111101
0110111110
0111000101
0111000110
0111010001
0111011010
0111011111
0111101000
0111101001
0111101011
0111101110
0111110010
0111110101
1000000010
1000001010
1000010001
1000010110
1000011000
1000011100
1000100000
1000100011
1000100110
1000101101
1000101110
1000111001
1000111111
1001000010
1001000100
1001001111
1001010001
1001011011
1001011101
1001100010
1001100101
1001101001
1001110100
1001110111
1001111010
1001111111
1010000001
1010000100
1010000111
1010010011
1010011010
1010011101
1010101000
1010101011
1010101110
1010110010
1010110101
1010111100
1011000111
1011001000
1011001100
1011010000
1011010101
1011010110
1011011110
1011100000
1011100011
1011110001
1011111001
1011111010
1011111111
1100000011
1100000101
1100001001
1100001110
1100010101
1100011010
1100100000
1100101111
1100110000
1100110010
1100110011
1100110100
1100111001
1101000001
1101001000
1101010000
1101010111
1101011001
1101011110
1101100110
1101101010
1101101011
1101101100
1101110101
1101111111
1110000100
1110001001
1110010001
1110010110
1110011100
1110011111
1110100001
1110100010
1110100101
1110101111
1110110111
1110111000
1110111011
1111000010
1111001010
1111001011
1111001101
1111010011
1111011100
1111100000
1111100110
1111101101
1111101110
1111110100
1111111000
