0132231100231100322323322332001132231032231100001123321100233211001100001132232332001133222332230123320011233211003223233211110000233200113223001100113223110032230011233232230011233223320132233223110010233200110011
0100112332321100110023321100233200110132231100233200113223233223323223110000110011001123232323320123323223110023322332110001101001322332233223001100111100322300112332322300112332322323321000113223322310001100112332
0013202112033300230012212013132023102023100330321233002012223113201310231020122310330013130000132213132013132323132112310212112122020100131321320121321013012201121023311302313132323301320210223131320100323103300300
0020300103001120000023303001313001003031200112322311002021222201302121212120233123210121110131213321213021213121213323030323223233030111112330232123332121333302132331122102321213102100130330301212120200121221100303
0000000000000000000022222200000031002022003113220031313230313131313131313131312231311133113111312231312231313131312222222231312312322231313122333132223131222213113122133100221313222210220222221313031300131330000000
0023132121001221003333123312231300120300332112212200313302212233002112121232001233010020013133003312121300211212213333003121222211313011000033123221121221330001003312122121311221123133003033302121002100211221120003
0000000000000000000010111100000032001011003223110032323230323232323232323232321132322333223222321132321111323232321111111132323322321132323212233231113232111123233211233200112323111120110111112323032300232330000000
0000100000000012001200220012001200120200123113001200120012331200123312331233121212331333311232121333121232331133121232113331232321332133013321231113303311113312303321230011331230332112301302212200210331200000211133
0002012020003300010012013130320132001031003223212033000210122212013232323202123132302033323031311132320131323232321111101022121322301033321211333202133232011120331211233210212323031200110101112323232000232332031000
0000000000000000000000000000000300030210123303122210131313331312123313131333131212331331231233331223131212331312111222122231233123333323112313121122222311122232312323121132321231232032303020200031010130003330303102
0202231103112022233300221103223021033130123121223022002233302211332200032211332230301103022003223200111111123011012303301123003322210011303311323011002203131111110303100230110022002211302322332200301111002002203111
0123323120100110100103120312233212032312031001303121300312011033121203120333221203011012303230213202130110130212033223011033222231110030212203233222320110302112012332312021303020002030210123322030011011233220011203
0201233032332323312301231231131303331311321320103021220201200031120200010200012112323001122332101103322303320021032111203202002122123133110303211001012202311130320201200230132022222130103132112020133333002032201333
0010011001103001120022302200030112012012001331220012111203130312031331120312333203133111230333332211333223133232133223222203233132233201130332311012223113002211230332311300223113203200220200223311211100233113301200
