111110000000000000
110001110000000000
110000001110000000
110000000001110000
110000000000001110
101001001001000000
101000100100001000
101000000010100100
101000010000010010
100001000100010100
100101000000101000
100011000010000010
100100000101000010
100010010100100000
100010000001000101
100000010011001000
100000101000100010
100010001000011000
100000100010010001
100100011000000100
011001000100100000
011000000011000010
011000100000010100
011000011000001000
010011000001001000
010001001000010010
010101000010000100
010010100100000010
010100000100011000
010000010100000101
010010001000100100
010100010000100010
010000100010101000
010010010010010000
010100101000000001
001011010000000100
001001000010011000
001101100000000010
001010000100010001
001100010110000000
001000001100000110
001000110001100000
001100000001001100
001010000000101010
001100001000110000
001010101010000000
000001100111000000
000111001100000000
000001010100001010
000001000001100110
000001010001010001
000011100000100001
000001011010100000
000001001000001101
000000001101101000
000000000110110010
000100100100100100
000010000110001100
000000111100010000
000100000011100001
000110100001010000
000010011001000010
000000001011010100
000000100001001011
000000010000111100
000110010000001001
000100000000010111
000100001010001010
000000110010000110
