010000000000001111111111
001000000111110000011111
100000000111111111100000
111011100111110000000000
111001100111110000000000
111000111000001111100000
111000011000001111100000
111110001000000000011111
111110000000000000011111
100001111011111111100000
100001111001111111100000
100001111000111111100000
100001111000011111100000
100001111000001111100000
010110011000000111111111
010110011000000011111111
010110011000000001111111
010110011000000000111111
010110011000000000011111
001111100111110000001111
001111100111110000000111
001111100111110000000011
001111100111110000000001
001111100111110000000000
