D 2 -6 4 -6 9 -6 11 -6 1 -5 4 -5 8 -5 11 -5 -2 -4 -1 -4 5 -4 6 -4 1 -3 2 -3 8 -3 9 -3 -4 -2 -1 -2 3 -2 6 -2 -4 -1 -2 -1 3 -1 5 -1 -5 1 -3 1 2 1 4 1 -6 2 -3 2 1 2 4 2 -2 3 -1 3 5 3 6 3 -6 4 -5 4 1 4 2 4 -4 5 -1 5 3 5 6 5 -4 6 -2 6 3 6 5 6 2 8 4 8 9 8 11 8 1 9 4 9 8 9 11 9 -2 10 -1 10 5 10 6 10 1 11 2 11 8 11 9 11 -4 12 -1 12 3 12 6 12 -4 13 -2 13 3 13 5 13 -5 15 -3 15 2 15 4 15 -6 16 -3 16 1 16 4 16 -2 17 -1 17 5 17 6 17 -6 18 -5 18 1 18 2 18 -4 19 -1 19 3 19 6 19 -4 20 -2 20 3 20 5 20 2 22 4 22 9 22 11 22 1 23 4 23 8 23 11 23 -2 24 -1 24 5 24 6 24 1 25 2 25 8 25 9 25 -4 26 -1 26 3 26 6 26 -4 27 -2 27 3 27 5 27 -5 29 -3 29 2 29 4 29 -6 30 -3 30 1 30 4 30 -2 31 -1 31 5 31 6 31 -6 32 -5 32 1 32 2 32 -4 33 -1 33 3 33 6 33 -4 34 -2 34 3 34 5 34 2 36 4 36 9 36 11 36 1 37 4 37 8 37 11 37 -2 38 -1 38 5 38 6 38 1 39 2 39 8 39 9 39 -4 40 -1 40 3 40 6 40 -4 41 -2 41 3 41 5 41 -5 43 -3 43 2 43 4 43 -6 44 -3 44 1 44 4 44 -2 45 -1 45 5 45 6 45 -6 46 -5 46 1 46 2 46 -4 47 -1 47 3 47 6 47 -4 48 -2 48 3 48 5 48 2 50 4 50 9 50 11 50 1 51 4 51 8 51 11 51 -2 52 -1 52 5 52 6 52 1 53 2 53 8 53 9 53 -4 54 -1 54 3 54 6 54 -4 55 -2 55 3 55 5 55 -5 57 -3 57 2 57 4 57 -6 58 -3 58 1 58 4 58 -2 59 -1 59 5 59 6 59 -6 60 -5 60 1 60 2 60 -4 61 -1 61 3 61 6 61 -4 62 -2 62 3 62 5 62 2 64 4 64 9 64 11 64 1 65 4 65 8 65 11 65 -2 66 -1 66 5 66 6 66 1 67 2 67 8 67 9 67 -4 68 -1 68 3 68 6 68 -4 69 -2 69 3 69 5 69 -5 71 -3 71 2 71 4 71 -6 72 -3 72 1 72 4 72 -2 73 -1 73 5 73 6 73 -6 74 -5 74 1 74 2 74 -4 75 -1 75 3 75 6 75 -4 76 -2 76 3 76 5 76 2 78 4 78 9 78 11 78 1 79 4 79 8 79 11 79 -2 80 -1 80 5 80 6 80 1 81 2 81 8 81 9 81 -4 82 -1 82 3 82 6 82 -4 83 -2 83 3 83 5 83 -5 85 -3 85 2 85 4 85 -6 86 -3 86 1 86 4 86 -2 87 -1 87 5 87 6 87 -6 88 -5 88 1 88 2 88 -4 89 -1 89 3 89 -4 90 -2 90
~ 6 6 1
189
0 <1,0,0,0,1,0>
1 <1,0,0,-1,-1,182>
1 <1,1,14,0,-1,-14>
1 <1,1,0,0,-1,-14>
1 <1,0,-14,-1,-1,182>
1 <1,0,-14,0,1,0>
1 <1,0,14,0,1,0>
2 <0,-1,42,-1,0,196>
2 <1,0,14,-1,-1,182>
2 <1,0,-28,0,1,0>
2 <1,0,-28,-1,-1,182>
2 <1,1,28,0,-1,-14>
3 <1,0,28,-1,-1,182>
2 <1,0,28,0,1,0>
2 <0,-1,196,1,1,-196>
2 <0,-1,182,1,1,-196>
3 <1,1,42,0,-1,-14>
2 <1,1,-14,0,-1,-14>
3 <1,0,42,0,1,0>
4 <1,1,56,0,-1,-14>
3 <1,0,-42,0,1,0>
2 <0,-1,168,1,1,-196>
5 <1,1,-56,0,-1,-14>
5 <1,0,-98,0,1,0>
5 <1,0,84,0,1,-28>
5 <1,0,98,0,1,-42>
5 <1,0,70,0,1,-14>
4 <1,0,56,0,1,0>
5 <1,0,112,0,1,-56>
5 <1,0,-84,0,1,0>
4 <1,0,-56,0,1,0>
4 <1,0,-112,-1,-1,182>
5 <1,0,-112,0,1,0>
4 <1,1,-42,0,-1,-14>
3 <1,1,-28,0,-1,-14>
6 <1,1,-70,0,-1,-14>
6 <1,1,-84,0,-1,-14>
6 <1,1,-98,0,-1,-14>
5 <1,0,-70,0,1,0>
4 <1,1,-154,-1,0,210>
4 <1,0,-56,-1,-1,182>
4 <1,0,-70,-1,-1,182>
4 <1,0,-84,-1,-1,182>
3 <1,0,-42,-1,-1,182>
3 <0,-1,28,-1,0,210>
4 <1,0,-98,-1,-1,182>
4 <1,0,70,-1,-1,168>
5 <1,0,84,-1,-1,154>
3 <1,0,56,-1,-1,182>
3 <1,0,42,-1,-1,182>
6 <1,0,98,-1,-1,140>
4 <-1,-1,56,0,1,210>
4 <0,-1,-14,-1,0,252>
3 <1,1,-140,-1,0,196>
3 <-1,-1,56,0,1,196>
6 <1,0,112,-1,-1,126>
4 <0,-1,0,-1,0,238>
4 <0,-1,14,-1,0,224>
4 <0,-1,-28,-1,0,266>
4 <-1,0,70,1,1,182>
6 <1,0,126,-1,-1,112>
4 <-1,0,84,1,1,168>
4 <1,0,-126,-1,-1,182>
5 <0,-1,84,1,1,-196>
5 <0,-1,98,1,1,-196>
3 <0,-1,210,1,1,-196>
5 <1,0,126,0,1,-70>
6 <1,0,-196,-1,-1,238>
6 <1,0,-182,-1,-1,224>
5 <1,0,-168,-1,-1,210>
4 <1,0,-140,-1,-1,182>
5 <1,0,-126,0,1,0>
4 <1,0,-154,-1,-1,196>
6 <1,1,-112,0,-1,-14>
3 <0,-1,154,1,1,-196>
6 <1,0,-210,-1,-1,252>
3 <-1,-1,252,1,0,-210>
4 <0,-1,224,1,1,-196>
4 <0,-1,238,1,1,-196>
5 <1,0,140,0,1,-84>
5 <1,0,182,0,1,-126>
5 <1,0,210,0,1,-154>
5 <1,0,168,0,1,-112>
5 <1,0,154,0,1,-98>
5 <1,0,196,0,1,-140>
5 <0,-1,70,1,1,-196>
6 <1,0,196,-1,-1,42>
6 <1,0,210,-1,-1,28>
6 <1,0,182,-1,-1,56>
6 <1,0,168,-1,-1,70>
4 <0,-1,140,1,1,-196>
5 <0,-1,126,1,1,-196>
5 <0,-1,112,1,1,-196>
6 <1,0,154,-1,-1,84>
6 <0,-1,-126,1,1,-28>
6 <1,1,-126,0,-1,-14>
5 <0,-1,56,1,1,-196>
6 <1,1,-42,0,-1,-112>
4 <0,-1,-42,-1,0,280>
6 <1,1,-14,0,-1,-154>
5 <1,1,-168,-1,0,224>
5 <0,-1,-56,-1,0,294>
5 <0,-1,-70,-1,0,308>
5 <-1,-1,56,0,1,224>
5 <-1,0,98,1,1,154>
6 <-1,-1,56,0,1,336>
6 <-1,-1,56,0,1,322>
6 <-1,-1,56,0,1,308>
5 <-1,-1,56,0,1,280>
5 <-1,-1,56,0,1,266>
5 <0,-1,-84,-1,0,322>
5 <0,-1,-98,-1,0,336>
5 <0,1,-126,-1,-1,392>
6 <0,1,-126,-1,-1,406>
6 <0,1,-126,-1,-1,420>
5 <-1,-1,56,0,1,238>
6 <-1,-1,56,0,1,294>
4 <0,1,-126,-1,-1,378>
6 <-1,0,112,1,1,140>
5 <-1,-1,56,0,1,252>
5 <-1,0,84,0,-1,350>
5 <-1,0,98,0,-1,336>
6 <-1,0,112,0,-1,322>
5 <-1,0,70,0,-1,364>
6 <1,0,140,-1,-1,98>
5 <0,-1,-140,-1,0,392>
5 <0,-1,-140,-1,0,378>
5 <0,-1,-126,-1,0,364>
5 <1,1,-210,-1,0,266>
5 <1,1,-224,-1,0,280>
6 <1,1,-238,-1,0,294>
5 <1,1,-182,-1,0,238>
5 <0,-1,-112,-1,0,350>
5 <1,1,-196,-1,0,252>
6 <1,0,224,-1,-1,14>
6 <1,0,-224,-1,-1,266>
6 <1,1,-294,-1,0,350>
5 <1,0,-140,0,1,0>
6 <1,0,-182,0,1,42>
6 <1,1,-280,-1,0,336>
6 <1,1,-266,-1,0,322>
6 <1,1,-252,-1,0,308>
5 <1,0,-168,0,1,28>
4 <0,1,70,1,0,-210>
4 <0,1,84,1,0,-224>
5 <1,0,-154,0,1,14>
5 <1,0,224,0,1,-168>
4 <-1,-1,266,1,0,-224>
6 <1,0,-238,-1,-1,280>
5 <0,-1,140,1,1,-294>
4 <1,1,266,-1,0,-210>
5 <1,1,252,-1,0,-182>
4 <1,1,252,-1,0,-196>
6 <-1,-1,294,1,0,-252>
5 <-1,-1,280,1,0,-238>
6 <1,1,252,-1,0,-168>
5 <1,0,238,0,1,-182>
6 <1,1,252,-1,0,-98>
6 <1,1,252,-1,0,-112>
6 <0,-1,168,1,1,-336>
5 <0,1,98,1,0,-238>
6 <0,1,112,1,0,-252>
6 <0,1,126,1,0,-266>
6 <1,1,252,-1,0,-154>
5 <1,1,280,-1,0,-224>
6 <1,1,294,-1,0,-238>
6 <0,1,140,1,0,-280>
6 <0,1,154,1,0,-294>
6 <1,1,252,-1,0,-140>
6 <0,1,154,1,0,-308>
6 <1,0,238,-1,-1,0>
6 <1,1,252,-1,0,-126>
6 <0,1,-126,-1,-1,434>
6 <0,1,-126,-1,-1,448>
6 <0,-1,-140,-1,0,406>
6 <-1,-1,56,0,1,350>
6 <0,1,-126,-1,-1,462>
6 <-1,-1,56,0,1,378>
6 <-1,-1,56,0,1,364>
6 <0,1,70,-1,-1,378>
6 <1,1,-322,-1,0,392>
6 <1,1,-322,-1,0,378>
6 <1,1,-322,-1,0,406>
6 <1,1,-308,-1,0,364>
6 <0,-1,434,-1,0,-182>
5 <0,-1,434,-1,0,-196>
6 <0,-1,462,-1,0,-224>
5 <0,-1,448,-1,0,-210>
6 <0,1,448,-1,-1,-196>
