D 2 -6 4 -6 16 -6 18 -6 30 -6 32 -6 44 -6 46 -6 58 -6 60 -6 72 -6 74 -6 86 -6 88 -6 100 -6 102 -6 1 -5 4 -5 15 -5 18 -5 29 -5 32 -5 43 -5 46 -5 57 -5 60 -5 71 -5 74 -5 85 -5 88 -5 99 -5 102 -5 -2 -4 -1 -4 5 -4 6 -4 12 -4 13 -4 19 -4 20 -4 26 -4 27 -4 33 -4 34 -4 40 -4 41 -4 47 -4 48 -4 54 -4 55 -4 61 -4 62 -4 68 -4 69 -4 75 -4 76 -4 82 -4 83 -4 89 -4 90 -4 96 -4 97 -4 103 -4 104 -4 1 -3 2 -3 15 -3 16 -3 29 -3 30 -3 43 -3 44 -3 57 -3 58 -3 71 -3 72 -3 85 -3 86 -3 99 -3 100 -3 -4 -2 -1 -2 3 -2 6 -2 10 -2 13 -2 17 -2 20 -2 24 -2 27 -2 31 -2 34 -2 38 -2 41 -2 45 -2 48 -2 52 -2 55 -2 59 -2 62 -2 66 -2 69 -2 73 -2 76 -2 80 -2 83 -2 87 -2 90 -2 94 -2 97 -2 101 -2 104 -2 -4 -1 -2 -1 3 -1 5 -1 10 -1 12 -1 17 -1 19 -1 24 -1 26 -1 31 -1 33 -1 38 -1 40 -1 45 -1 47 -1 52 -1 54 -1 59 -1 61 -1 66 -1 68 -1 73 -1 75 -1 80 -1 82 -1 87 -1 89 -1 94 -1 96 -1 101 -1 103 -1 -5 1 -3 1 2 1 4 1 9 1 11 1 16 1 18 1 23 1 25 1 30 1 32 1 37 1 39 1 44 1 46 1 51 1 53 1 58 1 60 1 65 1 67 1 72 1 74 1 79 1 81 1 86 1 88 1 93 1 95 1 100 1 102 1 -6 2 -3 2 1 2 4 2 8 2 11 2 15 2 18 2 22 2 25 2 29 2 32 2 36 2 39 2 43 2 46 2 50 2 53 2 57 2 60 2 64 2 67 2 71 2 74 2 78 2 81 2 85 2 88 2 92 2 95 2 99 2 102 2 -9 3 -8 3 -2 3 -1 3 5 3 6 3 12 3 13 3 19 3 20 3 26 3 27 3 33 3 34 3 40 3 41 3 47 3 48 3 54 3 55 3 61 3 62 3 68 3 69 3 75 3 76 3 82 3 83 3 89 3 90 3 96 3 97 3 103 3 -6 4 -5 4 1 4 2 4 8 4 9 4 15 4 16 4 22 4 23 4 29 4 30 4 36 4 37 4 43 4 44 4 50 4 51 4 57 4 58 4 64 4 65 4 71 4 72 4 78 4 79 4 85 4 86 4 92 4 93 4 99 4 100 4 -11 5 -8 5 -4 5 -1 5 3 5 6 5 10 5 13 5 17 5 20 5 24 5 27 5 31 5 34 5 38 5 41 5 45 5 48 5 52 5 55 5 59 5 62 5 66 5 69 5 73 5 76 5 80 5 83 5 87 5 90 5 94 5 97 5 101 5 -11 6 -9 6 -4 6 -2 6 3 6 5 6 10 6 12 6 17 6 19 6 24 6 26 6 31 6 33 6 38 6 40 6 45 6 47 6 52 6 54 6 59 6 61 6 66 6 68 6 73 6 75 6 80 6 82 6 87 6 89 6 94 6 96 6 101 6 -5 8 -3 8 9 8 11 8 23 8 25 8 37 8 39 8 51 8 53 8 65 8 67 8 79 8 81 8 93 8 95 8 -6 9 -3 9 8 9 11 9 22 9 25 9 36 9 39 9 50 9 53 9 64 9 67 9 78 9 81 9 92 9 95 9 -6 11 -5 11 8 11 9 11 22 11 23 11 36 11 37 11 50 11 51 11 64 11 65 11 78 11 79 11 92 11 93 11
! 1
258
0 <1,0,0,0,1,0>
1 <-1,-1,196,0,1,14>
1 <-1,-1,210,0,1,0>
1 <0,-1,0,-1,0,-14>
1 <0,-1,-14,-1,0,0>
1 <1,0,-14,0,1,14>
1 <1,0,14,0,1,-14>
2 <1,0,-28,0,1,28>
2 <0,-1,-28,-1,0,14>
6 <0,-1,-126,-1,0,112>
2 <-1,-1,182,0,1,28>
5 <1,0,-126,0,1,126>
4 <-1,-1,84,0,1,126>
4 <1,0,-56,0,1,56>
2 <-1,0,252,1,1,-28>
6 <0,-1,-112,-1,0,98>
2 <-1,-1,224,0,1,-14>
5 <0,-1,-70,-1,0,56>
4 <1,0,-70,0,1,70>
3 <0,-1,-42,-1,0,28>
2 <0,-1,-28,1,1,-196>
4 <0,-1,-56,-1,0,42>
5 <1,0,-98,0,1,98>
6 <0,-1,-98,-1,0,84>
5 <0,-1,-84,-1,0,70>
3 <1,0,-42,0,1,42>
4 <1,0,42,0,1,-70>
4 <1,0,42,0,1,-126>
4 <1,0,42,0,1,-84>
4 <1,0,42,0,1,-56>
3 <1,0,42,0,1,-42>
4 <1,0,42,0,1,-98>
4 <1,0,42,0,1,-112>
2 <0,-1,-14,1,1,-210>
2 <0,-1,0,1,1,-224>
2 <0,-1,14,-1,0,-28>
2 <1,0,28,0,1,-28>
3 <0,-1,28,-1,0,-42>
3 <-1,-1,238,0,1,-28>
5 <1,0,-84,0,1,84>
5 <0,-1,-112,1,1,-112>
5 <1,0,-112,0,1,112>
5 <0,-1,-154,1,1,-70>
3 <-1,-1,168,0,1,42>
6 <0,-1,-196,1,1,140>
5 <1,0,-140,0,1,140>
3 <0,-1,-42,1,1,-182>
6 <0,-1,-140,-1,0,126>
4 <-1,-1,70,0,1,140>
3 <0,-1,14,1,1,-238>
4 <-1,-1,98,0,1,112>
5 <-1,-1,252,0,1,-112>
6 <-1,-1,252,0,1,-210>
6 <-1,-1,252,0,1,-238>
6 <-1,-1,252,0,1,-224>
5 <0,-1,-140,1,1,-84>
5 <1,0,-168,0,1,168>
5 <1,0,-182,0,1,182>
6 <0,-1,-182,-1,0,168>
6 <0,-1,-154,-1,0,140>
5 <1,0,-154,0,1,154>
6 <1,0,-182,0,1,224>
6 <0,-1,-168,-1,0,154>
5 <1,0,-182,0,1,210>
5 <0,-1,-126,1,1,-98>
5 <1,0,-182,0,1,196>
4 <-1,-1,252,0,1,-56>
4 <0,-1,28,1,1,-252>
4 <-1,-1,112,0,1,98>
5 <-1,-1,252,0,1,-70>
3 <-1,-1,252,0,1,-42>
4 <-1,-1,126,0,1,84>
3 <-1,-1,140,0,1,70>
5 <-1,-1,252,0,1,-84>
5 <-1,-1,252,0,1,-98>
3 <-1,0,252,1,1,-14>
6 <-1,-1,28,0,1,238>
6 <-1,-1,28,0,1,224>
3 <-1,-1,154,0,1,56>
4 <-1,-1,28,0,1,182>
4 <-1,-1,56,0,1,154>
3 <1,1,42,-1,0,182>
4 <-1,-1,42,0,1,168>
5 <-1,-1,28,0,1,210>
4 <-1,-1,28,0,1,196>
4 <-1,0,252,1,1,84>
4 <1,1,42,-1,0,196>
3 <1,1,266,0,-1,-42>
3 <0,1,266,1,0,-28>
4 <-1,0,252,1,1,28>
4 <-1,0,252,1,1,0>
4 <-1,0,252,1,1,14>
4 <-1,0,252,1,1,42>
4 <0,1,322,1,0,-28>
4 <-1,0,252,1,1,70>
5 <-1,-1,252,0,1,-126>
5 <-1,-1,252,0,1,-140>
4 <1,1,266,0,-1,-56>
4 <0,1,336,1,0,-28>
4 <0,1,308,1,0,-28>
4 <0,-1,-70,1,1,-154>
4 <0,-1,-56,1,1,-168>
5 <0,-1,-182,1,1,-42>
5 <0,-1,-84,1,1,-140>
5 <0,-1,-168,1,1,-56>
6 <0,-1,-210,-1,0,56>
6 <0,-1,-196,-1,0,84>
5 <0,-1,-98,1,1,-126>
6 <-1,-1,252,0,1,-182>
6 <-1,-1,252,0,1,-196>
6 <1,1,266,0,-1,-182>
5 <-1,-1,252,0,1,-154>
5 <-1,-1,252,0,1,-168>
6 <1,1,266,0,-1,-154>
6 <1,1,266,0,-1,-98>
4 <0,1,280,1,0,-28>
5 <1,0,42,0,1,-168>
4 <1,0,42,0,1,-140>
5 <1,0,42,0,1,-224>
5 <1,0,42,0,1,-210>
5 <1,0,42,0,1,-182>
5 <1,0,42,0,1,-196>
4 <1,0,42,0,1,-154>
4 <0,1,294,1,0,-28>
4 <1,0,-182,-1,-1,-56>
3 <-1,-1,28,1,0,-266>
5 <1,1,42,-1,0,224>
6 <1,1,266,0,-1,-168>
5 <1,0,42,0,1,-238>
5 <0,-1,-196,1,1,-126>
5 <1,1,42,-1,0,210>
6 <1,1,266,0,-1,-84>
4 <-1,0,252,1,1,56>
5 <1,1,266,0,-1,-70>
6 <1,0,-182,-1,-1,-112>
6 <-1,-1,28,0,1,252>
6 <1,0,-182,-1,-1,-98>
4 <1,0,-182,-1,-1,-70>
5 <1,0,-182,-1,-1,-84>
6 <0,-1,-210,1,1,-154>
6 <1,1,210,-1,0,-280>
6 <1,1,224,-1,0,-280>
6 <1,0,-196,-1,-1,-140>
4 <1,1,42,-1,0,-280>
5 <1,0,42,0,1,-252>
6 <-1,-1,28,1,0,-308>
4 <-1,-1,28,1,0,-280>
5 <-1,-1,28,1,0,-294>
5 <1,1,70,-1,0,-280>
5 <1,1,56,-1,0,-280>
6 <1,0,-182,-1,-1,-140>
5 <1,1,84,-1,0,-280>
6 <1,1,196,-1,0,-280>
6 <1,1,182,-1,0,-280>
5 <1,1,154,-1,0,-280>
6 <1,1,168,-1,0,-280>
6 <1,0,-182,-1,-1,-126>
6 <1,1,266,0,-1,-112>
6 <1,1,266,0,-1,-126>
6 <-1,-1,252,0,1,-252>
5 <-1,-1,252,0,1,-266>
6 <1,1,266,-1,0,-266>
6 <1,1,266,0,-1,-140>
6 <-1,-1,28,0,1,280>
6 <-1,-1,28,0,1,266>
6 <-1,-1,28,0,1,294>
5 <1,1,42,-1,0,238>
6 <1,1,266,-1,0,-280>
6 <1,1,252,-1,0,-280>
5 <1,1,98,-1,0,-280>
4 <1,0,42,0,1,-266>
6 <1,1,42,-1,0,-322>
5 <1,1,42,-1,0,-308>
5 <1,1,112,-1,0,-280>
4 <1,1,42,-1,0,-294>
5 <1,1,126,-1,0,-280>
6 <1,1,238,-1,0,-280>
5 <1,1,140,-1,0,-280>
5 <-1,0,252,1,1,98>
5 <1,1,42,-1,0,252>
5 <1,1,42,-1,0,280>
6 <-1,-1,28,0,1,308>
5 <1,1,42,-1,0,266>
5 <1,1,42,-1,0,294>
4 <0,1,350,1,0,-28>
4 <0,1,266,-1,-1,182>
5 <0,1,434,1,0,-28>
5 <0,1,420,1,0,-28>
5 <0,1,294,-1,-1,182>
5 <0,1,322,-1,-1,182>
5 <0,1,378,1,0,-28>
4 <0,1,364,1,0,-28>
5 <0,1,308,-1,-1,182>
5 <-1,0,252,1,1,126>
5 <-1,0,252,1,1,154>
5 <0,1,280,-1,-1,182>
5 <-1,0,252,1,1,140>
5 <-1,0,252,1,1,112>
5 <0,1,392,1,0,-28>
5 <0,1,406,1,0,-28>
6 <1,1,42,-1,0,308>
5 <-1,0,252,1,1,196>
5 <-1,0,252,1,1,182>
5 <-1,0,252,1,1,168>
4 <-1,0,476,0,-1,-56>
4 <-1,0,476,0,-1,-42>
5 <-1,0,476,0,-1,-70>
6 <-1,0,476,0,-1,-112>
6 <-1,0,476,0,-1,-84>
6 <-1,0,476,0,-1,-98>
5 <0,1,336,-1,-1,182>
5 <0,1,448,1,0,-28>
6 <-1,0,476,0,-1,-126>
5 <0,1,350,-1,-1,182>
6 <1,1,42,-1,0,336>
6 <1,1,42,-1,0,322>
6 <-1,0,266,1,1,-490>
6 <-1,0,280,1,1,-490>
5 <-1,0,252,1,1,-490>
6 <-1,0,294,1,1,-490>
6 <-1,0,308,1,1,-490>
5 <-1,0,252,1,1,-504>
6 <-1,0,322,1,1,-490>
6 <-1,0,336,1,1,-490>
6 <-1,0,350,1,1,-490>
6 <-1,0,364,1,1,-490>
6 <1,1,42,-1,0,350>
6 <-1,0,252,1,1,-518>
5 <-1,0,266,1,1,196>
6 <1,1,42,-1,0,406>
6 <1,1,42,-1,0,392>
6 <1,1,42,-1,0,364>
6 <1,1,42,-1,0,378>
5 <0,1,462,1,0,-28>
5 <0,1,364,-1,-1,182>
6 <1,1,56,-1,0,406>
6 <-1,0,322,1,1,196>
6 <-1,0,308,1,1,196>
6 <-1,0,280,1,1,196>
6 <-1,0,294,1,1,196>
6 <0,1,448,-1,-1,182>
6 <0,1,378,-1,-1,182>
6 <0,1,420,-1,-1,182>
6 <0,1,434,-1,-1,182>
6 <0,1,490,-1,-1,84>
6 <0,1,392,-1,-1,182>
5 <0,1,476,1,0,-28>
6 <0,1,406,-1,-1,182>
6 <-1,0,350,1,1,196>
6 <-1,0,336,1,1,196>
6 <-1,0,364,1,1,196>
5 <0,1,490,1,0,-126>
6 <0,1,504,1,0,-126>
6 <-1,0,588,0,-1,-140>
6 <0,1,462,-1,-1,182>
6 <1,1,70,-1,0,406>
6 <0,1,266,-1,-1,-504>
6 <0,1,476,-1,-1,182>
