G8_CORNERS degree=3 profile_size=11
TARGET 00000000 profile=7238,11037,11087,18351,19924,20509,32283,33606,33883,38881,40089
TARGET 00000003 profile=7043,12165,14569,19411,20509,23064,25286,26819,30465,34586,35161
TARGET 00000030 profile=486,7147,7192,12549,17272,20487,25417,26634,29137,34155,35407
TARGET 00000033 profile=736,747,9072,12112,18698,19269,20467,24090,26446,29556,36685
TARGET 00000300 profile=7020,11037,12592,14628,18549,20509,28825,28880,35378,38235,38906
TARGET 00000303 profile=16189,18347,19069,19962,23040,23064,25326,30866,32282,32352,39114
TARGET 00000330 profile=746,1843,11025,12546,19669,22755,25958,26446,30121,39912,40178
TARGET 00000333 profile=3003,7500,17995,18203,19671,23064,29154,29525,30417,32316,35406
TARGET 00003000 profile=11037,12283,20016,20384,25236,26795,32104,33818,33866,36059,36675
TARGET 00003003 profile=487,6041,7030,19168,19431,24558,25348,27096,29755,30419,30458
TARGET 00003030 profile=486,994,3019,6999,7510,14586,20136,20151,23376,33609,33818
TARGET 00003033 profile=8766,11007,14584,19411,20487,22777,22875,25322,26440,35284,39703
TARGET 00003300 profile=9001,9122,11085,14574,18354,20131,20467,25058,25322,32139,38890
TARGET 00003303 profile=733,6995,8472,12578,14618,18490,20450,22771,24458,38881,39538
TARGET 00003330 profile=486,1843,9072,11075,11085,17746,18544,20388,29407,35634,40188
TARGET 00003333 profile=24,732,2964,14569,17971,19195,22771,26446,27286,32115,36330
TARGET 00030000 profile=747,906,2532,7150,14628,14832,19235,20138,25178,29115,36430
TARGET 00030003 profile=1546,3006,6814,7524,12183,30562,32110,32352,34186,38646,38882
TARGET 00030030 profile=1327,9819,11087,14580,18640,19267,20545,22777,32049,33865,34440
TARGET 00030033 profile=744,746,8868,19915,22890,26243,27096,32890,33874,36456,38694
TARGET 00030300 profile=746,6707,20011,22933,25058,25325,25362,26436,32282,32316,38602
TARGET 00030303 profile=723,1376,7534,17241,19411,20499,23520,26435,29137,29546,32316
TARGET 00030330 profile=1084,1842,7232,8805,14579,14760,20018,22795,24240,29737,33709
TARGET 00030333 profile=948,7632,11075,12109,12600,22771,26446,30562,34450,35315,36421
TARGET 00033000 profile=193,906,1879,6041,9062,11871,23035,25100,27096,36474,40207
TARGET 00033003 profile=740,3000,7534,8641,12819,19030,22777,27276,33609,35167,36431
TARGET 00033030 profile=1835,7150,7527,11078,20314,25178,26985,29530,32139,33866,35378
TARGET 00033033 profile=480,746,6041,12399,17755,19965,20487,24380,25423,34177,39091
TARGET 00033300 profile=7555,10967,19924,20028,23048,23074,23802,27280,28920,32139,35406
TARGET 00033303 profile=1004,11081,17878,19624,20463,25328,26243,27096,30370,34560,39114
TARGET 00033330 profile=42,278,10953,10955,19054,20467,23035,23529,27286,35982,39097
TARGET 00033333 profile=4450,10953,11001,20136,20463,22771,23232,23794,26440,27242,35770
TARGET 00300000 profile=7023,11747,19269,20018,20285,24964,25323,25417,30515,36636,38778
TARGET 00300003 profile=205,5973,7072,11871,20458,24459,26790,30400,32282,38890,40178
TARGET 00300030 profile=486,14555,18645,19049,20131,23065,27280,33198,33865,35284,35529
TARGET 00300033 profile=7150,9008,11826,11921,14404,19340,20193,24250,25363,32372,34440
TARGET 00300300 profile=5925,11757,18551,19966,20509,23048,27243,30456,33606,35785,39624
TARGET 00300303 profile=16,2118,14577,17731,18201,20544,25957,31990,32280,36690,39578
TARGET 00300330 profile=2003,6790,9000,11757,12180,14404,18578,20619,25058,27286,28801
TARGET 00300333 profile=954,10953,18203,18550,19337,23530,23647,25323,26436,35322,36456
TARGET 00303000 profile=749,7019,8641,11449,17737,19155,19965,27114,33609,38905,39702
TARGET 00303003 profile=9072,10960,12841,18029,19168,19965,24966,26288,30395,34584,35160
TARGET 00303030 profile=742,8808,11087,12165,17755,17835,27241,28707,29538,30552,33740
TARGET 00303033 profile=193,5963,10959,19168,23646,25059,25819,26799,30400,30562,38291
TARGET 00303300 profile=884,6832,10684,12165,18544,20324,23738,25237,26440,31267,40207
TARGET 00303303 profile=13,724,17715,18279,18546,19624,26436,32154,33740,36097,38646
TARGET 00303330 profile=5233,11075,11812,18347,20131,24531,26472,30126,30240,33666,35784
TARGET 00303333 profile=9001,11073,17751,18537,19195,20192,25417,28834,29538,32140,35281
TARGET 00330000 profile=312,3004,6838,8400,12232,14586,17875,19072,25416,38231,39106
TARGET 00330003 profile=196,7238,10960,14703,19965,24306,24366,25362,33091,33865,38882
TARGET 00330030 profile=480,6790,7194,14768,17195,17835,24306,25325,29796,30400,38778
TARGET 00330033 profile=5919,9996,12154,17851,19266,23817,25273,25320,33882,38289,38646
TARGET 00330300 profile=481,7144,7692,12184,20031,20458,27240,30360,32394,37882,38906
TARGET 00330303 profile=723,1327,1813,7144,17731,19887,24964,26073,29146,30403,32370
TARGET 00330330 profile=2002,7144,8793,11806,12274,17025,23065,28842,34441,35313,38738
TARGET 00330333 profile=720,1900,8800,12112,14586,17714,23529,24458,26243,29544,36369
TARGET 00333000 profile=204,723,10967,14768,15404,17754,19269,25178,26436,36474,40206
TARGET 00333003 profile=196,722,9001,11868,17878,18273,19627,23530,27096,35166,40225
TARGET 00333030 profile=3001,4636,6999,10967,11830,17851,23823,24246,27241,36098,36474
TARGET 00333033 profile=5,6781,7004,19171,23823,26352,27098,31985,34176,35401,38906
TARGET 00333300 profile=724,6804,8826,14521,16908,18645,20018,24960,25058,28569,30745
TARGET 00333303 profile=1882,8795,10960,16192,17962,20192,23370,30406,32116,38904,38906
TARGET 00333330 profile=1611,5220,5925,14578,17737,17755,24306,25058,25362,33864,36636
TARGET 00333333 profile=6780,7752,8640,11868,12696,18448,18578,23831,29545,31188,35784
TARGET 03000000 profile=7005,8809,12203,20130,20487,23041,25430,26097,35385,39602,40207
TARGET 03000003 profile=5973,6041,12284,18207,19210,20487,33865,35043,36603,38640,38899
TARGET 03000030 profile=16885,18203,19266,19669,23041,23065,25207,34194,35882,36602,36672
TARGET 03000033 profile=5973,7528,8868,12180,18645,20487,29521,29594,30458,33201,33842
TARGET 03000300 profile=22,29,7192,14832,18576,19965,20463,24690,27286,28812,32365
TARGET 03000303 profile=1326,7503,12067,12112,16432,20509,25273,27234,29737,30247,39075
TARGET 03000330 profile=2885,12546,17874,18347,19071,23041,28829,29754,30246,35337,36636
TARGET 03000333 profile=28,1813,5961,7500,19069,22777,26684,27286,29407,34752,35136
TARGET 03003000 profile=1642,2887,7023,11878,12588,33600,33866,35596,36430,36672,39106
TARGET 03003003 profile=29,180,2562,8868,9072,12070,19416,19979,24456,29715,32110
TARGET 03003030 profile=5,536,12598,16401,20130,20481,23646,27275,28802,29737,36636
TARGET 03003033 profile=28,11723,19290,22815,24336,25203,25236,27276,33568,36602,36636
TARGET 03003300 profile=25,28,14628,19194,23011,26352,26987,32136,33630,37924,38890
TARGET 03003303 profile=487,6041,8820,14139,18544,19963,20520,22755,36369,38881,39486
TARGET 03003330 profile=204,6033,7189,7561,12696,22794,27286,30395,32101,35596,39484
TARGET 03003333 profile=362,1812,8819,9000,12274,14565,19296,22770,24966,29137,38743
TARGET 03030000 profile=1327,11087,12190,19882,20145,23832,25226,26352,29155,35339,35378
TARGET 03030003 profile=5973,7237,19298,20240,25362,26073,31739,32355,36424,38856,38882
TARGET 03030030 profile=19,7514,8858,12155,13632,18604,20458,22794,25176,33865,34474
TARGET 03030033 profile=6039,8814,14761,14882,18210,19410,20463,24336,25204,33874,36459
TARGET 03030300 profile=5991,8824,14526,20130,20509,22755,22993,25204,27280,30364,34657
TARGET 03030303 profile=272,1326,2893,8826,12159,12544,19418,19425,23232,38643,38856
TARGET 03030330 profile=18,745,3108,8809,17850,19914,22794,26446,27286,32010,36435
TARGET 03030333 profile=1326,1813,6033,6039,14832,17728,18640,20244,30121,30596,35142
TARGET 03033000 profile=14,2881,7899,12598,14401,19630,22755,26436,32111,38643,40201
TARGET 03033003 profile=180,937,1897,6807,11087,14822,22914,24378,26352,32154,35161
TARGET 03033030 profile=278,6047,17996,19024,20467,25210,26352,26987,34194,35290,39624
TARGET 03033033 profile=5921,12571,19210,19302,23048,23074,24498,26440,29760,30246,36459
TARGET 03033300 profile=28,1320,7365,11087,17730,19269,20509,25098,25279,34171,39097
TARGET 03033303 profile=1809,6044,12070,12591,20192,24456,26241,28834,30458,36459,38882
TARGET 03033330 profile=3610,5915,5985,19418,20467,22794,23376,24490,26402,27280,30754
TARGET 03033333 profile=756,1004,5913,5915,19654,20463,22914,23643,26446,30936,34177
TARGET 03300000 profile=949,6807,11037,12232,20450,25177,26071,33874,35136,35320,36602
TARGET 03300003 profile=6683,12183,19296,19965,20163,24250,25205,25273,32316,33740,35531
TARGET 03300030 profile=742,1992,8817,17754,18345,20521,26683,32370,34536,36310,36600
TARGET 03300033 profile=6693,10959,18647,19270,20487,23074,26403,30721,34560,35376,38640
TARGET 03300300 profile=6780,6887,8644,12070,14768,20058,20315,24964,25237,36692,39486
TARGET 03300303 profile=1326,8795,18549,19410,19649,23040,26440,30364,30513,38232,38881
TARGET 03300330 profile=210,5915,18347,18646,20056,23521,23644,25205,27276,30402,32136
TARGET 03300333 profile=2117,6693,7020,8644,11824,14760,18696,20601,24336,26446,29545
TARGET 03303000 profile=940,5926,8943,12284,19269,25002,25080,25236,33866,38130,38881
TARGET 03303003 profile=1056,2882,7072,8826,11854,13560,17994,19672,25272,33190,34186
TARGET 03303030 profile=5,487,1843,12064,17754,19161,24250,26795,29746,35323,36690
TARGET 03303033 profile=1321,7024,12064,12852,19305,20450,26400,32848,33842,35280,36714
TARGET 03303300 profile=6994,10965,14316,17970,19962,24531,25201,25417,33369,33600,38898
TARGET 03303303 profile=1320,9008,11824,12114,16355,17953,25002,25203,28956,33740,35320
TARGET 03303330 profile=1,1882,7192,8826,14560,17736,23643,25176,26987,28800,32049
TARGET 03303333 profile=2116,6760,7232,12064,14553,16281,23040,29538,30393,33696,39487
TARGET 03330000 profile=5926,7681,14832,18003,19269,19882,24240,27010,35315,39600,40206
TARGET 03330003 profile=27,6289,12179,14401,17715,19269,19873,26370,33841,34656,38643
TARGET 03330030 profile=2,739,17737,18165,18642,19024,27276,31777,33600,36474,38778
TARGET 03330033 profile=158,5524,7005,11848,18640,20198,23616,25363,27280,35161,37027
TARGET 03330300 profile=937,5925,11027,19882,23520,24337,25723,26085,33371,35320,35596
TARGET 03330303 profile=16,6041,7005,14568,17730,17953,26401,28611,28842,35598,38778
TARGET 03330330 profile=6035,14761,17721,18633,19914,20314,25273,28842,29530,30361,36460
TARGET 03330333 profile=6033,6770,10297,18203,19410,23817,27312,29400,30720,35400,38682
TARGET 03333000 profile=4,940,6804,14761,17996,18155,19027,23644,26352,35209,40200
TARGET 03333003 profile=5,948,5921,9008,15374,17731,19965,24456,27276,32154,35160
TARGET 03333030 profile=1900,5926,14555,16888,17848,20314,23274,33840,33842,35326,36436
TARGET 03333033 profile=2,8761,11868,14586,16164,18549,19296,24246,24336,28683,35761
TARGET 03333300 profile=723,11827,12164,19890,24541,26354,27096,30241,33842,36305,39096
TARGET 03333303 profile=2880,3922,5921,6784,12159,17970,24541,24960,26401,31778,32154
TARGET 03333330 profile=6804,7632,11826,12912,14400,18466,18696,24550,28801,30720,36948
TARGET 03333333 profile=1493,8818,10266,10959,17715,17730,24336,25002,25236,32316,38880
TARGET 30000000 profile=3007,7558,12203,14404,20049,23064,26436,30763,32028,36371,40096
TARGET 30000003 profile=1004,2886,7069,7072,19269,25330,32029,32283,33183,37081,39114
TARGET 30000030 profile=798,3005,5986,14406,18234,20467,23035,33201,34186,34194,36348
TARGET 30000033 profile=732,5972,14407,19411,20450,23515,26439,27318,30400,30823,36675
TARGET 30000300 profile=3005,7189,8647,14858,18546,20314,22755,31858,35770,38646,39106
TARGET 30000303 profile=24,272,11037,16354,19979,22755,29146,30407,35060,35779,38238
TARGET 30000330 profile=1510,8646,12229,14407,14628,18698,22383,23738,26243,26472,38238
TARGET 30000333 profile=3108,7572,9008,11012,13119,18546,20117,20467,29407,32355,35286
TARGET 30003000 profile=487,940,10966,21634,23021,23035,26207,26440,33610,34663,36040
TARGET 30003003 profile=949,5220,8868,9067,11079,22900,23021,26682,32154,33610,35785
TARGET 30003030 profile=732,3007,9008,11829,11987,22942,29746,30746,32137,35339,38131
TARGET 30003033 profile=994,6994,9012,11079,18336,19181,20489,26440,30763,38905,40080
TARGET 30003300 profile=2116,6994,12874,18347,22208,22937,23065,28800,28826,34586,36676
TARGET 30003303 profile=1840,7010,7030,12284,26412,26817,31987,32136,35406,38245,39487
TARGET 30003330 profile=1627,3005,3043,7510,7552,12840,22786,30744,32139,33666,34718
TARGET 30003333 profile=1816,3043,3777,6033,6921,19181,20388,23586,26817,36675,39626
TARGET 30030000 profile=739,3006,14586,19962,20501,26819,32029,33600,34177,36369,37899
TARGET 30030003 profile=1394,2118,6811,8646,11732,20463,26097,32032,34177,38171,38858
TARGET 30030030 profile=906,2884,11086,11466,20487,21183,22891,29539,30754,36349,39930
TARGET 30030033 profile=7233,7528,8804,11848,14768,18802,25324,30759,34177,36458,38238
TARGET 30030300 profile=739,936,10966,12549,18203,20598,22765,34657,38169,39115,39703
TARGET 30030303 profile=948,11073,26793,26817,30402,32051,32887,35058,36057,38169,38235
TARGET 30030330 profile=738,7503,7688,14768,18620,19901,20346,26985,29737,32040,34657
TARGET 30030333 profile=7260,7528,10104,12187,14760,18578,26407,27273,33153,34663,38221
TARGET 30033000 profile=191,747,7692,12918,14578,17953,18345,23021,30744,32139,40201
TARGET 30033003 profile=7531,8818,14407,18190,20495,24250,25483,26817,30395,32352,35760
TARGET 30033030 profile=756,2887,6999,12154,12274,19094,23021,23682,29136,36371,40207
TARGET 30033033 profile=874,7692,9008,9790,11080,12132,18544,20489,32130,34447,35760
TARGET 30033300 profile=906,7555,12848,17893,23021,23376,26402,28826,30364,32316,36537
TARGET 30033303 profile=3000,3006,6033,7681,14432,19013,19672,24221,29130,36369,39487
TARGET 30033330 profile=12154,14406,18696,19027,20467,20546,25327,26394,29132,30360,36427
TARGET 30033333 profile=744,11080,14437,17731,18490,23667,24556,26097,30754,32040,36459
TARGET 30300000 profile=906,1324,3042,6994,7069,20116,23002,26827,32352,33606,40248
TARGET 30300003 profile=205,3042,5924,7020,11012,19298,25018,30406,32139,35060,38235
TARGET 30300030 profile=480,961,1843,7188,9820,17848,19269,27275,32049,38640,39702
TARGET 30300033 profile=722,7004,11012,18646,19269,20564,23644,29136,30594,33198,35449
TARGET 30300300 profile=193,1879,11034,14760,19891,20836,26799,26987,33153,36459,39480
TARGET 30300303 profile=2883,10686,11002,11012,18640,23168,23529,32139,33077,35320,39486
TARGET 30300330 profile=3005,6957,7189,11826,14586,19180,20338,20463,26616,29137,30456
TARGET 30300333 profile=1813,1882,8641,9000,10953,18592,19468,23586,27275,38232,38780
TARGET 30303000 profile=1843,7027,11949,12284,14564,24246,25101,30361,33999,35325,38890
TARGET 30303003 profile=1812,9001,12164,14555,19024,24270,24489,25322,32861,34662,35786
TARGET 30303030 profile=200,204,3005,10966,11770,19025,23035,27286,30120,33741,36456
TARGET 30303033 profile=152,2001,7680,11002,14628,19813,22891,29675,30744,32130,38911
TARGET 30303300 profile=3385,7010,8647,10966,12840,12852,17971,19979,30120,33609,35597
TARGET 30303303 profile=1323,2916,6814,14424,18549,18659,20520,25002,30367,31987,33740
TARGET 30303330 profile=721,1880,9008,10955,11858,19669,19966,20562,30169,32130,34656
TARGET 30303333 profile=152,720,1882,2053,7147,11919,23682,27275,32107,32140,33698
TARGET 30330000 profile=5927,13125,23082,23831,26805,30405,30750,32029,35320,35339,36371
TARGET 30330003 profile=723,2880,7232,12180,19915,26793,30521,32355,34662,36427,36692
TARGET 30330030 profile=3133,11079,11826,14586,17775,20117,20207,27264,30126,30721,36456
TARGET 30330033 profile=486,3480,6811,12154,13642,14569,17731,19397,20450,33865,34176
TARGET 30330300 profile=1842,1900,3004,7027,7726,12170,14553,19900,23526,32142,39487
TARGET 30330303 profile=891,7232,10296,11026,12852,18550,24380,24456,26401,33020,36304
TARGET 30330330 profile=874,7692,14400,17981,18646,19069,20193,25685,26805,27280,39624
TARGET 30330333 profile=3003,3504,5926,6923,7232,19873,23586,23817,26985,34586,34593
TARGET 30333000 profile=884,5926,7691,11086,19915,25714,27096,29531,30744,32139,36307
TARGET 30333003 profile=6811,10960,11858,20072,20283,23823,24250,25320,34177,35596,39096
TARGET 30333030 profile=906,3922,7555,8640,12841,19900,23643,24307,26795,30360,39155
TARGET 30333033 profile=5040,9156,10960,12696,17861,18802,19181,23822,27240,29538,36456
TARGET 30333300 profile=6790,6838,7688,8241,10245,12848,20324,28842,32029,35786,39702
TARGET 30333303 profile=1828,3000,6994,7241,11851,14577,17962,24556,29136,29378,30402
TARGET 30333330 profile=3001,3162,6790,8809,11073,17728,20562,24541,32015,39600,39702
TARGET 30333333 profile=720,1850,7688,12852,14554,19416,20465,23738,26433,26987,34584
TARGET 33000000 profile=278,3007,12229,12232,19965,25208,31321,34194,36349,36603,38221
TARGET 33000003 profile=2886,7043,8644,12574,19323,23041,27276,32051,35057,35779,36348
TARGET 33000030 profile=745,994,5973,17194,19235,22777,29746,30763,33192,35327,40098
TARGET 33000033 profile=2883,9098,12109,14407,18642,20192,22777,30754,33600,34186,36178
TARGET 33000300 profile=18,8647,11036,20130,20458,23490,26478,27279,32355,35320,35857
TARGET 33000303 profile=102,2883,8646,11002,18330,20463,22914,32028,38235,39106,39114
TARGET 33000330 profile=2964,5996,8085,12618,14768,18642,19396,20463,30121,30366,36675
TARGET 33000333 profile=1624,7069,8647,8868,14406,18576,22387,23616,26987,27312,33192
TARGET 33003000 profile=554,1992,6716,11875,14406,20467,26819,33155,33816,36352,39097
TARGET 33003003 profile=13,2887,8826,19266,20483,26097,32049,32857,36349,38646,39097
TARGET 33003030 profile=204,6035,26075,26099,31737,33153,33201,35322,36371,37921,40100
TARGET 33003033 profile=13,192,5920,7503,18347,20616,22783,33153,34195,34657,39703
TARGET 33003300 profile=6832,9008,12275,12592,14564,19516,25202,32138,33192,35775,39097
TARGET 33003303 profile=180,3002,6040,6306,20509,21909,23010,28843,32029,34770,35770
TARGET 33003330 profile=5065,7027,9000,12306,12592,18696,26433,27247,33183,38169,39697
TARGET 33003333 profile=12,9008,12549,12848,18498,19180,20220,26241,29137,36360,39703
TARGET 33030000 profile=205,6045,10266,14628,14827,22900,23021,25956,30721,36474,38644
TARGET 33030003 profile=196,1327,5920,20912,22900,22914,26921,27280,31720,38644,39697
TARGET 33030030 profile=1822,7238,12170,12190,26099,27252,30246,33207,34441,36307,36456
TARGET 33030033 profile=2002,7714,12154,18203,21368,22816,23040,29522,29544,32356,39602
TARGET 33030300 profile=272,6045,12154,14772,18192,19900,20512,27280,33841,35046,35779
TARGET 33030303 profile=18,2886,6783,6923,14768,22823,29146,30419,33090,35762,36457
TARGET 33030330 profile=1846,2917,4377,11075,11985,19900,20244,23682,26099,32355,34562
TARGET 33030333 profile=1501,2883,2917,7680,12544,12568,22768,35760,36459,38682,39878
TARGET 33033000 profile=8647,12595,14578,18304,20518,24964,25453,26099,30744,35315,36672
TARGET 33033003 profile=29,905,7758,8818,12852,17835,18201,22900,35167,35760,36459
TARGET 33033030 profile=2881,2887,8672,11075,12841,19072,19613,24940,29730,32049,34441
TARGET 33033033 profile=180,7688,12571,17775,22900,23232,27242,29522,32217,35284,36636
TARGET 33033300 profile=152,6046,6972,12852,14110,14768,18640,20512,30744,36450,39481
TARGET 33033303 profile=42,3006,6994,7232,12159,19812,22900,23586,29736,32051,35161
TARGET 33033330 profile=25,6046,8677,17754,18604,23571,23842,26819,32139,35770,36360
TARGET 33033333 profile=6994,8646,18578,19627,20463,20524,25206,27090,29732,32107,35280
TARGET 33300000 profile=949,2916,5996,10958,12180,20016,24274,33201,35326,36459,40098
TARGET 33300003 profile=180,484,2916,12154,12229,19397,22888,26101,35184,36672,38640
TARGET 33300030 profile=3005,5526,5986,5996,18544,23290,23643,30400,34440,36459,38116
TARGET 33300033 profile=937,1897,5970,9000,19170,20722,26085,26243,32139,34446,38169
TARGET 33300300 profile=4,5996,12164,18550,19965,20534,23530,29736,30289,35636,38232
TARGET 33300303 profile=240,1320,1813,12108,14140,17962,19965,26435,33606,34656,36369
TARGET 33300330 profile=1843,1900,5915,14401,14760,18706,18724,23682,26435,33198,33738
TARGET 33300333 profile=2883,6780,8826,11973,12109,19901,20216,20467,27216,29737,35376
TARGET 33303000 profile=5,3001,7020,12274,19194,26075,32107,32372,35537,36675,39696
TARGET 33303003 profile=8079,10961,23052,24550,26079,30400,30419,32051,35325,35766,36349
TARGET 33303030 profile=173,5232,5962,7692,12274,18646,25098,25178,27241,31984,38058
TARGET 33303033 profile=1812,1882,2882,7010,8793,12187,12886,19181,23640,34441,36462
TARGET 33303300 profile=1326,3384,6994,8482,8809,11875,17754,20116,20458,38881,39096
TARGET 33303303 profile=3163,6045,6780,8826,17893,19396,20321,26424,29400,32136,35785
TARGET 33303330 profile=2885,3360,10960,11987,12274,19155,23682,24531,26241,39602,39609
TARGET 33303333 profile=152,8640,12852,17860,18550,19669,20315,25829,26079,26440,34560
TARGET 33330000 profile=1842,7004,8795,14761,19624,23793,25014,25204,30722,37900,39696
TARGET 33330003 profile=1813,6903,7238,8804,12187,24379,24960,30405,33874,35281,39159
TARGET 33330030 profile=483,3042,8664,11878,18515,18645,20545,24306,35287,36307,38778
TARGET 33330033 profile=3481,5920,7680,7692,12170,14407,17850,19235,29406,30563,38643
TARGET 33330300 profile=874,2115,5986,8868,12840,19095,23010,29075,33847,35760,36450
TARGET 33330303 profile=944,948,2883,5920,6728,19625,22914,26446,29406,32136,38779
TARGET 33330330 profile=1,874,1900,1957,6885,12067,23586,26435,36427,36460,38736
TARGET 33330333 profile=0,1898,5913,6794,14768,19069,19270,20532,29425,36450,39702
TARGET 33333000 profile=5926,6794,11875,19376,20165,24541,24964,25201,30562,34176,39097
TARGET 33333003 profile=158,6040,10960,12851,19194,25810,26352,28835,31987,35760,36459
TARGET 33333030 profile=1802,2881,6835,8817,12154,12287,17848,23842,29736,30096,35322
TARGET 33333033 profile=5199,7688,11824,11854,12848,13305,20198,29538,30722,34656,36349
TARGET 33333300 profile=5926,7632,10081,14916,17980,19516,19900,24540,26400,28842,32136
TARGET 33333303 profile=180,4636,7681,12571,14400,19181,23529,25003,26073,33995,35280
TARGET 33333330 profile=1,1858,7692,8794,12848,20138,20470,23616,26243,27273,39600
TARGET 33333333 profile=2880,3132,6035,11824,14569,17746,20532,23823,34584,34656,36335
