G8_CORNERS degree=1 profile_size=5
TARGET 00000000 profile=749,7329,19962,20131,34194
TARGET 00000001 profile=747,7331,19270,19411,39097
TARGET 00000010 profile=425,7192,12232,27276,30417
TARGET 00000011 profile=7024,19586,23065,32355,33883
TARGET 00000100 profile=5369,12203,12232,28826,38169
TARGET 00000101 profile=1965,9810,18490,24721,26127
TARGET 00000110 profile=742,5375,11987,22794,29154
TARGET 00000111 profile=7238,12124,28826,29496,37743
TARGET 00001000 profile=11000,11087,33921,35610,38237
TARGET 00001001 profile=7020,12848,19586,33606,35167
TARGET 00001010 profile=7506,14436,33606,33879,36344
TARGET 00001011 profile=8826,19586,22891,25325,33610
TARGET 00001100 profile=4125,10108,11085,19194,29755
TARGET 00001101 profile=12070,26402,28826,36369,37849
TARGET 00001110 profile=19831,22795,25417,26440,30367
TARGET 00001111 profile=733,19831,22795,26440,28843
TARGET 00010000 profile=14586,14832,15903,23034,33865
TARGET 00010001 profile=11081,14579,23048,30571,35865
TARGET 00010010 profile=22875,26805,27276,30532,35378
TARGET 00010011 profile=746,17835,19587,26446,38858
TARGET 00010100 profile=14832,15002,16410,17393,26352
TARGET 00010101 profile=1813,4155,12153,14577,24458
TARGET 00010110 profile=11076,18642,27312,30487,38660
TARGET 00010111 profile=27,15915,18659,23586,38738
TARGET 00011000 profile=5439,9819,12588,12598,33882
TARGET 00011001 profile=11087,19587,20450,24250,35166
TARGET 00011010 profile=18275,19459,24246,33610,36126
TARGET 00011011 profile=7524,12848,19587,24338,33865
TARGET 00011100 profile=11868,12912,18857,28826,36459
TARGET 00011101 profile=5679,7754,12544,32110,35785
TARGET 00011110 profile=2002,9295,11085,23074,23736
TARGET 00011111 profile=1813,11075,23082,24458,33031
TARGET 00100000 profile=742,7329,19270,20138,25002
TARGET 00100001 profile=736,7331,17875,19270,39097
TARGET 00100010 profile=994,7043,7827,20131,33882
TARGET 00100011 profile=205,7827,12183,19298,33610
TARGET 00100100 profile=733,19873,20018,23907,27286
TARGET 00100101 profile=9528,14884,18490,19195,21372
TARGET 00100110 profile=17746,25325,25362,31430,32352
TARGET 00100111 profile=7829,17746,18550,25323,30458
TARGET 00101000 profile=733,11987,23600,24491,40206
TARGET 00101001 profile=7072,12848,22950,33864,33882
TARGET 00101010 profile=7192,25321,30417,34170,37614
TARGET 00101011 profile=7024,12848,22950,33865,33882
TARGET 00101100 profile=2001,10965,11868,29754,30353
TARGET 00101101 profile=12840,19626,25322,28824,35133
TARGET 00101110 profile=14748,22791,25272,28824,36370
TARGET 00101111 profile=742,17731,22951,26440,28842
TARGET 00110000 profile=739,7329,19882,20138,34170
TARGET 00110001 profile=6814,23720,27312,30364,30406
TARGET 00110010 profile=739,7827,19210,19270,23682
TARGET 00110011 profile=722,722,19966,29155,38867
TARGET 00110100 profile=723,19891,19924,27280,33267
TARGET 00110101 profile=569,11854,12183,28825,36369
TARGET 00110110 profile=17754,21470,25324,25363,32316
TARGET 00110111 profile=3004,25320,31984,34754,38561
TARGET 00111000 profile=725,7527,13623,33190,38982
TARGET 00111001 profile=8868,17875,25321,25416,33584
TARGET 00111010 profile=14767,22787,33864,33864,36288
TARGET 00111011 profile=721,7043,24113,33616,35784
TARGET 00111100 profile=725,8735,11868,17970,29146
TARGET 00111101 profile=5925,8735,20463,31990,38904
TARGET 00111110 profile=1,884,9359,19269,23738
TARGET 00111111 profile=7503,25320,29544,32051,40038
TARGET 01000000 profile=29,12369,19966,20130,34177
TARGET 01000001 profile=27,12371,19266,19410,39114
TARGET 01000010 profile=2061,14130,18604,23881,26871
TARGET 01000011 profile=7043,7072,10433,29522,33153
TARGET 01000100 profile=12184,18986,23040,36675,38899
TARGET 01000101 profile=1151,7072,12112,26436,35337
TARGET 01000110 profile=6964,12284,29522,30218,32583
TARGET 01000111 profile=16,6923,10439,22771,29754
TARGET 01001000 profile=6047,8819,23074,30819,35613
TARGET 01001001 profile=8826,9072,16629,22915,38881
TARGET 01001010 profile=1843,4881,6993,8817,25176
TARGET 01001011 profile=9072,9242,17250,17368,27096
TARGET 01001100 profile=28,17953,18987,27286,33816
TARGET 01001101 profile=22993,26079,26436,30458,35578
TARGET 01001110 profile=749,16659,18515,23682,33696
TARGET 01001111 profile=6042,18546,26472,33618,35551
TARGET 01010000 profile=7688,12180,18986,38640,40201
TARGET 01010001 profile=5984,6041,30572,33203,38955
TARGET 01010010 profile=7150,27242,29522,32049,32785
TARGET 01010011 profile=4821,5066,6039,19915,29155
TARGET 01010100 profile=14586,18986,23010,25203,38644
TARGET 01010101 profile=8676,12540,32024,38640,38895
TARGET 01010110 profile=19,19135,22770,27280,29539
TARGET 01010111 profile=19135,22770,25273,27280,35287
TARGET 01011000 profile=6041,18987,20458,24964,40200
TARGET 01011001 profile=7524,7534,10485,14139,38898
TARGET 01011010 profile=7510,10599,12914,30721,36430
TARGET 01011011 profile=6804,7752,19697,29522,32139
TARGET 01011100 profile=7688,12588,18987,25056,38881
TARGET 01011101 profile=18153,18763,24960,31806,38644
TARGET 01011110 profile=1843,6033,23052,25176,38095
TARGET 01011111 profile=2116,6039,15055,23048,23618
TARGET 01100000 profile=22,12369,17994,19966,34177
TARGET 01100001 profile=16,12371,19416,19966,24306
TARGET 01100010 profile=9124,13848,18604,19914,22212
TARGET 01100011 profile=19,19155,19296,24747,26446
TARGET 01100100 profile=949,7023,12747,20016,38644
TARGET 01100101 profile=272,12203,12747,19410,38898
TARGET 01100110 profile=12749,17728,18646,25205,35378
TARGET 01100111 profile=17728,25203,25236,36672,37190
TARGET 01101000 profile=11878,23606,26472,35284,35326
TARGET 01101001 profile=13,12371,19168,19416,39090
TARGET 01101010 profile=1409,6838,7023,29521,32049
TARGET 01101011 profile=5,19170,19210,26440,38427
TARGET 01101100 profile=4,4,19270,29755,33833
TARGET 01101101 profile=13,12747,19924,19966,23586
TARGET 01101110 profile=2882,25201,33545,36304,39914
TARGET 01101111 profile=17731,22310,25202,25237,36636
TARGET 01110000 profile=7688,12232,22854,38880,38898
TARGET 01110001 profile=19,6923,23726,23795,35160
TARGET 01110010 profile=7680,19026,25204,29520,40175
TARGET 01110011 profile=2115,5919,6804,29154,35513
TARGET 01110100 profile=7688,12184,22854,38881,38898
TARGET 01110101 profile=12112,25200,32694,35337,39090
TARGET 01110110 profile=16,17754,22855,27280,29538
TARGET 01110111 profile=8988,22761,25416,29520,32050
TARGET 01111000 profile=14628,17994,25200,25272,38630
TARGET 01111001 profile=3,8463,12591,33936,38231
TARGET 01111010 profile=10959,14495,20467,33840,36310
TARGET 01111011 profile=3,6804,14495,17851,29746
TARGET 01111100 profile=0,12203,24713,30720,38657
TARGET 01111101 profile=9007,22769,31968,38880,38880
TARGET 01111110 profile=12549,25201,28800,35004,36371
TARGET 01111111 profile=158,720,15119,19965,23616
TARGET 10000000 profile=12165,18390,20528,39626,39703
TARGET 10000001 profile=7531,18404,25363,30458,32356
TARGET 10000010 profile=14767,26169,26807,33183,39602
TARGET 10000011 profile=994,7043,7837,18802,35060
TARGET 10000100 profile=8169,14628,14768,20116,28826
TARGET 10000101 profile=3002,22960,25244,32318,32355
TARGET 10000110 profile=8169,14768,20116,27286,30366
TARGET 10000111 profile=9805,10984,32049,33183,35760
TARGET 10001000 profile=16370,17635,27000,39019,39626
TARGET 10001001 profile=9012,12696,19340,30367,38000
TARGET 10001010 profile=5978,11087,29572,33185,33202
TARGET 10001011 profile=7030,12848,28040,30366,30763
TARGET 10001100 profile=12164,18390,24555,28826,39626
TARGET 10001101 profile=2048,18193,26818,32140,33726
TARGET 10001110 profile=6166,18798,24964,33183,36888
TARGET 10001111 profile=18802,19832,24558,26440,30366
TARGET 10010000 profile=388,1327,17686,33427,35218
TARGET 10010001 profile=15410,20285,27993,32316,35167
TARGET 10010010 profile=16946,23838,26985,38171,39602
TARGET 10010011 profile=1813,7117,14578,23841,24338
TARGET 10010100 profile=749,1326,26446,27839,33076
TARGET 10010101 profile=9316,11872,15522,25569,32316
TARGET 10010110 profile=16537,18633,20562,23118,32282
TARGET 10010111 profile=8804,9562,20463,23823,29546
TARGET 10011000 profile=12841,14401,24143,27594,28992
TARGET 10011001 profile=7531,12912,30366,30754,38000
TARGET 10011010 profile=1661,6025,18202,24338,25100
TARGET 10011011 profile=7534,12848,28040,30366,30762
TARGET 10011100 profile=12588,12840,27869,30744,36459
TARGET 10011101 profile=6653,11080,23529,24541,34662
TARGET 10011110 profile=7552,12274,12848,30762,31507
TARGET 10011111 profile=11073,20545,24541,30762,33034
TARGET 10100000 profile=12203,12229,21257,30744,35339
TARGET 10100001 profile=7043,7670,30405,33155,35784
TARGET 10100010 profile=7370,12841,18802,20117,26616
TARGET 10100011 profile=205,7837,11829,18802,35060
TARGET 10100100 profile=724,949,20116,21455,29146
TARGET 10100101 profile=5776,8446,17755,19340,20389
TARGET 10100110 profile=907,1843,23273,24364,31845
TARGET 10100111 profile=1843,1882,8804,21519,24338
TARGET 10101000 profile=7681,18544,23431,35404,39702
TARGET 10101001 profile=906,7027,30361,34170,38720
TARGET 10101010 profile=3097,6835,7837,19270,30417
TARGET 10101011 profile=19976,28479,30360,33202,35284
TARGET 10101100 profile=907,11002,23600,25058,35326
TARGET 10101101 profile=2955,3002,17225,19630,33768
TARGET 10101110 profile=3002,3100,8868,17754,23031
TARGET 10101111 profile=180,3002,17194,23622,40144
TARGET 10110000 profile=12201,23838,33680,35326,35400
TARGET 10110001 profile=739,6923,23720,23795,34662
TARGET 10110010 profile=994,7043,7837,19901,30762
TARGET 10110011 profile=181,906,10959,24380,40197
TARGET 10110100 profile=949,1882,11025,21455,25098
TARGET 10110101 profile=181,7373,12183,19340,24380
TARGET 10110110 profile=726,1842,32121,36452,38116
TARGET 10110111 profile=729,3000,19665,23589,38776
TARGET 10111000 profile=725,19293,27281,30361,38245
TARGET 10111001 profile=723,723,29129,29705,40096
TARGET 10111010 profile=722,3001,22786,32352,40283
TARGET 10111011 profile=204,23793,26793,35400,40197
TARGET 10111100 profile=884,7232,9239,11872,39702
TARGET 10111101 profile=3000,4824,8795,22769,40092
TARGET 10111110 profile=874,936,7867,29388,34019
TARGET 10111111 profile=3000,3008,17728,37665,40104
TARGET 11000000 profile=12595,18422,25237,35378,36676
TARGET 11000001 profile=7005,18415,20554,34562,34657
TARGET 11000010 profile=2884,22864,25358,36638,36675
TARGET 11000011 profile=8868,9008,13211,19397,29522
TARGET 11000100 profile=272,12203,12757,19516,40098
TARGET 11000101 profile=9007,26081,26891,34586,38221
TARGET 11000110 profile=5950,14125,30744,36369,38221
TARGET 11000111 profile=9008,13211,19397,26446,35286
TARGET 11001000 profile=15418,20163,27897,36636,40201
TARGET 11001001 profile=487,1106,17704,38347,40234
TARGET 11001010 profile=6808,15076,15492,25595,36636
TARGET 11001011 profile=27,486,27286,27813,38117
TARGET 11001100 profile=1843,8818,12037,24555,25056
TARGET 11001101 profile=16228,24552,26241,33155,34586
TARGET 11001110 profile=13882,14564,20467,24541,28802
TARGET 11001111 profile=17137,18537,20532,23136,36602
TARGET 11010000 profile=7632,14772,20058,32966,35287
TARGET 11010001 profile=17210,17491,26281,34099,34562
TARGET 11010010 profile=1952,18337,26096,36460,38760
TARGET 11010011 profile=7004,18415,23841,29522,34562
TARGET 11010100 profile=7688,12190,27926,35286,35779
TARGET 11010101 profile=6041,10994,28858,38224,38236
TARGET 11010110 profile=19136,19516,23832,27280,35286
TARGET 11010111 profile=11200,19512,24250,31128,38221
TARGET 11011000 profile=7752,12595,32966,35286,35770
TARGET 11011001 profile=7681,8641,24862,27690,29832
TARGET 11011010 profile=6046,11691,23643,23823,39696
TARGET 11011011 profile=7524,7680,28013,32139,35760
TARGET 11011100 profile=7688,12598,27926,35286,35778
TARGET 11011101 profile=1517,11064,18346,24378,25056
TARGET 11011110 profile=6035,20520,23823,35778,38098
TARGET 11011111 profile=7232,7688,12568,35778,37267
TARGET 11100000 profile=12203,12686,30720,35325,38171
TARGET 11100001 profile=7043,7069,21983,30419,35760
TARGET 11100010 profile=10822,13606,17730,20058,20245
TARGET 11100011 profile=2,205,19397,22295,29746
TARGET 11100100 profile=949,6783,12757,19516,40098
TARGET 11100101 profile=7681,12412,19396,19516,27216
TARGET 11100110 profile=1813,1900,14564,22119,25056
TARGET 11100111 profile=181,1813,23369,25090,36165
TARGET 11101000 profile=13,11987,23606,24491,39696
TARGET 11101001 profile=7041,24552,30240,30406,38726
TARGET 11101010 profile=907,7023,12411,20058,25098
TARGET 11101011 profile=205,1900,5961,22295,24380
TARGET 11101100 profile=180,907,5925,25098,35159
TARGET 11101101 profile=272,12203,12757,19180,35778
TARGET 11101110 profile=11,2881,19065,23685,33737
TARGET 11101111 profile=7,1812,32132,33077,36441
TARGET 11110000 profile=180,12187,33686,35281,39090
TARGET 11110001 profile=12841,18640,23454,30244,34656
TARGET 11110010 profile=2884,3099,16385,19030,38784
TARGET 11110011 profile=181,5986,23726,24336,30406
TARGET 11110100 profile=19232,28509,30364,35280,38236
TARGET 11110101 profile=2953,11851,12757,19966,35337
TARGET 11110110 profile=906,2884,16354,23748,35080
TARGET 11110111 profile=2884,2956,14628,17731,22905
TARGET 11111000 profile=5,5,29105,29729,35057
TARGET 11111001 profile=3,20015,26441,33207,35281
TARGET 11111010 profile=2881,4080,14555,22787,35054
TARGET 11111011 profile=158,6808,12274,14999,34656
TARGET 11111100 profile=948,24489,26075,30240,35159
TARGET 11111101 profile=4,2880,22768,35249,36672
TARGET 11111110 profile=2881,2890,17746,32745,35088
TARGET 11111111 profile=152,192,12787,30102,39179
