G8_CORNERS degree=5 profile_size=17
TARGET 00000000 profile=1004,7192,7558,9008,12165,19266,20138,23065,24541,25205,27276,30406,32352,32370,33606,36898,38899
TARGET 00000005 profile=196,747,7043,7241,11003,12578,19266,19891,19966,23064,27286,32355,33609,33883,35136,36602,38906
TARGET 00000050 profile=11,746,7192,7527,12274,12549,14628,14768,19210,19269,20131,24246,29530,29539,30746,36690,40178
TARGET 00000055 profile=205,7528,8817,11013,12568,14569,19411,23048,23646,25363,26801,28843,30562,33153,35339,39097,39915
TARGET 00000500 profile=22,7549,8809,11075,12164,18490,19966,20018,23065,25002,25237,27242,32352,32355,33183,38646,39487
TARGET 00000505 profile=196,747,748,9011,12165,12180,12203,19397,19410,23002,23064,26446,28843,29130,29137,29407,36369
TARGET 00000550 profile=6995,7189,11075,14406,18490,18549,18645,23041,25325,27312,30127,30417,33153,33182,35406,36690,38644
TARGET 00000555 profile=196,907,11013,11073,12165,18347,19882,20450,20544,22770,25274,28843,29407,33666,34447,36369,39912
TARGET 00005000 profile=749,1878,7041,8647,11087,12232,12696,14565,17995,22993,23074,26436,33183,35167,35325,39114,39703
TARGET 00005005 profile=747,2002,7558,8819,11003,14628,17676,19418,19966,23074,23643,25202,32051,32136,33740,34177,38906
TARGET 00005050 profile=1900,7020,7023,8826,11987,12598,14628,18698,23074,23646,24491,25327,32104,33864,33866,36371,39640
TARGET 00005055 profile=26,204,746,9072,12912,18201,18698,19298,22888,24966,26799,30419,33153,34186,36636,36664,38646
TARGET 00005500 profile=200,748,3097,10965,12591,12840,19195,19672,22993,23035,26436,27286,29086,30121,30367,33155,38890
TARGET 00005505 profile=1812,8819,11013,11073,14628,19030,19962,23011,23529,24489,25202,25326,29059,33155,33818,35785,36369
TARGET 00005550 profile=745,7010,12274,18201,18544,18698,19672,22993,23065,23376,26402,27286,30367,32130,35401,39487,39792
TARGET 00005555 profile=193,3002,7552,8826,9001,11013,11826,12841,18645,20458,22770,22771,25363,28843,29143,29407,33698
TARGET 00050000 profile=937,944,6047,7144,8868,19418,19918,20138,23052,24491,25327,27276,27279,32370,33153,33866,36459
TARGET 00050005 profile=181,723,948,7688,8805,10354,11081,18203,19210,22901,22915,32370,34186,36474,38646,38858,38882
TARGET 00050050 profile=739,7524,9006,11027,12549,14761,14768,18604,18698,19914,24249,24338,27276,29746,30745,33866,35339
TARGET 00050055 profile=746,2002,2953,7527,11079,11985,14760,19072,19210,19882,20510,24246,24336,26446,34447,35407,36474
TARGET 00050500 profile=747,1813,7552,11075,14569,14832,17728,18345,19965,22993,23794,25324,28843,30244,38682,40100,40207
TARGET 00050505 profile=27,1813,8805,10961,11073,14784,19891,20509,22768,22901,25237,27280,28843,30402,35138,38906,39090
TARGET 00050550 profile=744,994,1326,7005,7150,11075,14768,18546,19269,20501,22794,27280,28825,29538,29730,33606,38780
TARGET 00050555 profile=272,7632,8808,11073,12183,18550,19298,22755,25326,26435,27276,30400,35138,35305,35407,38221,38738
TARGET 00055000 profile=747,8795,10967,12284,14579,17848,20136,20138,20324,23738,23847,24491,25327,26402,26446,36371,40206
TARGET 00055005 profile=4636,7534,7681,9008,10959,11868,12574,14569,14832,19264,23035,24380,25320,26402,28834,35167,35339
TARGET 00055050 profile=2002,8641,8793,10959,14407,14761,18345,20138,22795,23035,23074,23643,24250,25207,26394,30746,36636
TARGET 00055055 profile=746,1327,3006,6039,6808,6921,12201,20138,23064,23825,24249,24963,29736,32104,32139,34186,35315
TARGET 00055500 profile=724,2002,11009,12153,14577,20509,23011,23034,23586,24541,25274,25327,26795,30367,32154,36459,39096
TARGET 00055505 profile=1004,1842,6814,7503,11085,19030,19960,20450,23530,24966,25326,26436,32110,32316,34578,35166,35406
TARGET 00055550 profile=4,745,2116,7510,7688,11075,19269,22795,23643,24250,26985,27096,28825,32110,33459,36600,38906
TARGET 00055555 profile=747,1812,1882,7504,11079,11085,11829,11987,17775,24306,24457,25274,29406,29546,32051,36450,38169
TARGET 00500000 profile=1813,8647,9001,11027,11826,12165,19264,19891,20131,23832,25325,25417,32154,36371,36459,38905,40248
TARGET 00500005 profile=739,1813,1900,5963,7072,12153,14569,17875,19264,24306,25323,26472,30395,32370,35167,36352,38239
TARGET 00500050 profile=205,725,944,2002,6993,11027,12154,12546,17754,26626,29545,29754,33183,33606,34176,36352,40178
TARGET 00500055 profile=1843,7023,11012,11013,12274,16403,17953,19410,23643,23793,24338,26401,29545,30364,33882,34186,35407
TARGET 00500500 profile=1843,7030,11025,12840,12912,14553,19672,19915,19965,20450,25325,28824,29137,30405,33198,38898,39792
TARGET 00500505 profile=949,1320,3006,6784,7072,8644,12112,17706,19030,19624,24966,26436,28825,29146,32355,35138,35320
TARGET 00500550 profile=5985,7010,8640,8868,11987,14568,17755,18546,19891,23051,23074,25325,29538,33183,34194,38905,39624
TARGET 00500555 profile=720,1900,8868,11829,14553,18546,18549,19270,19672,20546,23048,23618,25203,33606,34584,36672,38905
TARGET 00505000 profile=192,200,884,8819,10965,14565,14628,19264,19411,19965,23074,24551,25100,25321,33864,39114,40200
TARGET 00505005 profile=196,481,940,3002,9008,11003,11829,14401,17971,19194,19264,22915,26437,27276,33818,35166,39090
TARGET 00505050 profile=725,732,6838,11987,12841,17737,18645,19269,20458,24922,27241,30360,32130,33198,33840,36690,40206
TARGET 00505055 profile=12,192,7041,11003,11871,14401,16384,17731,17875,24250,25323,27276,29538,32049,33183,39114,39703
TARGET 00505500 profile=193,748,1324,6838,10955,17962,17971,18201,20457,25363,26807,32136,33155,33666,38898,39106,39486
TARGET 00505505 profile=936,1812,6832,7232,11003,11013,17715,18544,25322,29800,30395,31990,32154,33740,35337,38881,39114
TARGET 00505550 profile=1878,1900,6832,9001,10955,11085,12696,14565,19195,23832,24489,25363,27241,29736,30126,31984,33183
TARGET 00505555 profile=480,1882,6921,7144,8640,11002,11003,12848,18646,20508,22771,23586,25362,28842,29545,32154,33698
TARGET 00550000 profile=193,725,906,7150,7558,14568,19914,19915,23065,26404,26985,32032,32051,34170,34176,36459,38904
TARGET 00550005 profile=723,1899,7005,8795,14569,14586,17715,17861,19411,19630,25320,25324,25326,32355,34194,35160,38682
TARGET 00550050 profile=906,1828,11037,11079,12155,14401,17746,18645,19901,24240,24246,24250,29530,29538,32136,33865,36371
TARGET 00550055 profile=196,1882,3000,7528,10959,11013,12183,23793,23823,24336,25324,29544,29746,32032,34176,36310,38213
TARGET 00550500 profile=7692,11027,11871,14400,14760,17971,19966,20138,20450,24240,25324,28842,30364,32704,36369,38904,39106
TARGET 00550505 profile=3,720,6814,12183,14768,17875,18550,19960,19965,20534,23526,25323,25416,32280,32316,35167,36450
TARGET 00550550 profile=1842,6832,8793,12696,14553,18698,18711,19630,20450,23838,24240,25324,27312,29136,30405,35400,36672
TARGET 00550555 profile=0,8644,11073,12696,17835,19624,19960,20199,20487,25324,26801,27280,29136,29406,32032,34584,38221
TARGET 00555000 profile=158,884,6804,10967,11878,14586,17953,19264,19960,24966,25237,25321,31866,32049,36460,40206,40207
TARGET 00555005 profile=722,1813,7752,10961,11003,11868,14568,17835,17962,19264,23795,24458,25236,35208,35762,36459,40206
TARGET 00555050 profile=5,6835,6993,7041,17755,18345,24250,24541,25178,25321,25362,27276,30400,32104,33606,35401,36624
TARGET 00555055 profile=3000,7534,7680,8401,11001,12848,17850,18345,19024,20467,24250,31990,33864,34186,35315,35401,38904
TARGET 00555500 profile=180,200,487,3001,11025,11872,12155,12912,17971,17995,23738,23831,26440,27276,30406,36304,39096
TARGET 00555505 profile=720,6832,6921,8809,11851,11868,14632,17875,20463,25320,26352,29137,30395,35166,36304,38221,38904
TARGET 00555550 profile=6993,7238,8826,11826,11829,17971,18696,20199,23795,25058,25321,25416,26985,27286,30360,35313,39486
TARGET 00555555 profile=0,724,10961,12153,17731,19024,20487,22771,26352,26433,26437,27240,29406,30393,36459,38171,38905
TARGET 05000000 profile=29,940,5987,7514,12203,12287,19170,19270,19962,23041,26446,32282,33842,36675,38643,38899,40178
TARGET 05000005 profile=278,7005,12112,12574,14768,19416,19962,23040,23823,25323,26436,31138,33883,35326,36672,36690,38640
TARGET 05000050 profile=26,29,940,7005,7020,7043,14771,20116,20131,22888,23041,27286,29539,29730,29737,30121,32049
TARGET 05000055 profile=736,6033,7004,12565,14569,18604,19270,19296,23040,24306,25363,26402,33600,34441,36672,36675,38221
TARGET 05000500 profile=949,5997,7552,8809,12592,14577,20130,23074,23520,25237,26087,29539,30419,34177,34755,35596,38169
TARGET 05000505 profile=28,729,7232,7503,8868,9008,12112,12591,19410,19924,19965,24960,28834,28843,32370,35136,35762
TARGET 05000550 profile=181,940,5997,6035,7005,18203,19168,20458,20521,22795,25418,29539,30121,32049,34752,38682,39481
TARGET 05000555 profile=6033,8646,12109,12155,18549,18604,18645,23064,25203,26472,29401,30246,32370,33610,35337,38169,38220
TARGET 05005000 profile=5,204,907,5312,6047,12848,14565,18347,19924,23020,23034,32154,33600,33816,33866,36690,39106
TARGET 05005005 profile=193,200,11081,12064,14628,19196,19416,20136,23082,23795,25206,26436,26439,32139,36690,38169,38882
TARGET 05005050 profile=749,1843,5927,6035,9024,14565,19170,20487,22786,23020,25363,26440,29539,33842,34170,35322,40176
TARGET 05005055 profile=29,1843,6033,8809,9072,12568,17746,18201,19269,22875,24490,25202,29539,33666,35058,35161,35404
TARGET 05005500 profile=28,2116,3097,6045,6921,9000,12591,19168,19672,19924,20484,24960,25058,27286,30247,32154,39481
TARGET 05005505 profile=13,5963,7503,9001,9008,12588,14766,18490,18576,19195,24963,25056,26436,29146,30419,35761,38882
TARGET 05005550 profile=994,6035,7023,12696,14568,18646,20016,22777,25207,26436,27275,30247,30385,33183,33696,35320,40176
TARGET 05005555 profile=25,272,486,6033,9008,12070,12165,18642,19965,20483,22771,26440,28842,29130,29521,33738,38640
TARGET 05050000 profile=29,2116,5987,8868,12574,14579,17706,19270,20136,23048,23529,25324,33842,36371,36456,38778,39097
TARGET 05050005 profile=27,1896,6041,7072,7632,8805,12201,14407,17874,22875,23048,27276,30405,34194,34657,38221,40201
TARGET 05050050 profile=1842,5997,6035,8868,14579,19266,19630,22890,23643,23793,25207,25324,29659,30721,32049,38171,38856
TARGET 05050055 profile=26,944,2953,5919,7527,7680,19072,19914,22875,22914,26446,27276,29407,29686,33874,35287,38171
TARGET 05050500 profile=28,748,948,7752,14832,18345,18576,20016,23002,24240,26085,32316,32344,33600,35339,38169,39106
TARGET 05050505 profile=1882,6923,7534,8868,12180,12183,14586,18576,23048,23520,23795,25206,32051,34576,36424,38880,38882
TARGET 05050550 profile=937,2884,5997,6780,7681,12568,14586,14761,18549,20450,22794,22795,25237,29539,29743,30121,38736
TARGET 05050555 profile=24,7232,12170,18345,18576,18640,19072,22875,23040,23232,26446,27242,30241,34441,34872,35287,36450
TARGET 05055000 profile=3922,5925,6804,7558,8809,9072,12598,12841,14768,19960,22914,25098,25201,27242,29530,30419,40201
TARGET 05055005 profile=29,5921,7238,8819,14555,17962,19416,19418,20198,23616,23795,24565,25206,27242,27286,32051,35160
TARGET 05055050 profile=278,1812,6039,11878,12549,19264,19630,20458,23644,24240,25207,27276,30246,36430,36636,39642,40200
TARGET 05055055 profile=2,2116,5993,6993,8817,20487,22890,22915,23682,23823,25206,25418,26073,32139,34176,35287,36474
TARGET 05055500 profile=28,487,2887,7041,11085,11872,11985,19416,23041,24249,24544,24963,29136,30395,36424,36459,39106
TARGET 05055505 profile=2116,5925,8647,9001,14401,14553,18201,19416,22770,22914,23048,23529,24964,25326,27090,32316,35762
TARGET 05055550 profile=29,1842,1900,6039,6045,6783,6923,12550,17893,25002,25179,25418,28802,30120,32130,33153,36371
TARGET 05055555 profile=24,722,2002,6033,12544,12848,19965,22770,23529,24964,26241,26352,29521,32280,33842,36430,38379
TARGET 05500000 profile=13,1843,1882,6993,8809,11027,12232,17994,19960,25002,25205,27312,32032,33193,35315,36690,40201
TARGET 05500005 profile=1843,5963,6780,7005,14407,14761,19170,19410,19960,24558,25203,25273,32051,32139,33841,35184,36474
TARGET 05500050 profile=205,480,2887,7192,11830,12232,14404,17676,19024,19630,24240,27276,29521,29746,30400,36675,40176
TARGET 05500055 profile=1813,5961,7680,7752,8793,12190,19072,19194,19269,20458,25203,29520,29737,33882,34872,35325,38232
TARGET 05500500 profile=1813,5996,5997,7232,12183,17243,17835,20131,23529,24489,25056,27241,28801,30247,35284,38898,39106
TARGET 05500505 profile=3,200,949,2116,5963,6994,7500,12153,17731,27226,28801,29154,32032,35136,38221,38640,39096
TARGET 05500550 profile=1,1882,6783,8793,14628,18642,18645,19072,19966,20524,23074,23736,25325,32352,33841,38640,39600
TARGET 05500555 profile=6923,8808,11001,12170,14400,14628,17730,18642,19170,23048,23073,25203,28842,33841,34560,38221,39114
TARGET 05505000 profile=5,1881,8809,8826,12165,14555,17737,17980,19030,20130,25201,25202,25207,33666,36675,39114,40206
TARGET 05505005 profile=3,180,937,8808,12070,12574,19194,19195,23040,26241,27244,32139,33840,36352,36371,39090,39096
TARGET 05505050 profile=1,725,7023,9008,11878,17994,18646,19264,19269,20564,23640,25205,25272,32130,36600,36636,40201
TARGET 05505055 profile=5963,6807,8640,9000,12852,17850,19270,19416,20458,24966,25202,29538,32049,33840,34186,35284,37624
TARGET 05505500 profile=940,1900,2881,5925,5997,7023,12592,24489,24541,25058,25202,28800,29146,31990,33179,36352,39096
TARGET 05505505 profile=180,1802,5973,6045,6995,8641,17728,18549,19180,24960,24964,24966,28834,28842,32051,36456,38881
TARGET 05505550 profile=721,6035,7632,14404,17953,19024,19264,20325,20509,25202,26087,26440,29736,30120,33183,36352,39600
TARGET 05505555 profile=1812,7632,8793,11848,14553,18576,18585,19030,20458,24552,24966,25202,26472,29736,30240,32352,35325
TARGET 05550000 profile=196,940,1321,2884,5987,6783,8641,14768,17850,19915,19960,23034,26436,27277,34170,38856,40200
TARGET 05550005 profile=158,936,944,5919,8805,8868,14579,19269,19960,20130,23048,23830,24378,25200,34194,35166,38880
TARGET 05550050 profile=192,1842,5987,5997,11848,12274,17737,18640,25204,28960,30417,33865,34194,35315,36310,36474,38778
TARGET 05550055 profile=26,484,937,5913,11854,17848,17850,18345,20453,25237,26081,33882,34186,34440,36456,38171,38682
TARGET 05550500 profile=738,936,5987,6807,8641,12201,17224,17754,17994,24964,25205,26436,28842,34194,34657,36369,38221
TARGET 05550505 profile=3,18,6923,7681,11854,17715,18549,19965,20450,24208,26401,32370,35160,35280,36450,38232,38904
TARGET 05550550 profile=1320,1900,5986,5987,7688,11985,12064,14400,18550,20486,22794,23682,25236,28801,29538,36474,38736
TARGET 05550555 profile=1882,1896,5913,6039,7632,8805,11848,14761,19914,23793,24558,25237,26401,29136,29400,36304,38221
TARGET 05555000 profile=4,1843,5927,5987,6804,8808,12912,17848,17953,19960,24491,25176,25362,30746,32139,35160,40224
TARGET 05555005 profile=158,884,5921,6814,8826,11868,17835,19264,19960,24240,25200,25363,32140,35160,35161,36186,36369
TARGET 05555050 profile=1,6804,6835,8872,11848,11985,14569,17994,20467,25201,27096,29737,31984,33183,33840,35315,40200
TARGET 05555055 profile=906,944,1327,2880,5961,6808,6995,7752,17850,17874,23616,24550,26436,27280,31984,34176,35326
TARGET 05555500 profile=2881,5985,7688,12598,12840,13561,17971,18201,19624,20463,24964,30241,30395,33840,36310,38880,39106
TARGET 05555505 profile=723,11851,12153,12201,17730,18201,23823,24456,24964,25200,25236,26436,30241,32304,35320,36424,38640
TARGET 05555550 profile=2,721,5927,6993,17754,19624,20509,22794,26400,27096,27273,27277,30120,32139,33155,33841,35313
TARGET 05555555 profile=6780,6783,12153,12284,14586,17850,18578,20325,24336,24491,25200,25272,26241,26446,30393,34440,35280
TARGET 50000000 profile=3,907,1883,7189,7555,9012,11086,14768,14772,19924,22888,26807,32051,33883,36675,40178,40207
TARGET 50000005 profile=742,1326,2002,3006,7534,8818,8826,12109,14407,18646,19411,23048,26991,33183,34663,35060,39106
TARGET 50000050 profile=192,2885,7147,9008,11987,12164,12274,14578,20060,22783,30127,33198,33606,34177,34194,35407,38221
TARGET 50000055 profile=732,746,1813,7238,8809,11036,12549,18546,19396,19669,27280,30003,30763,32104,34447,35060,38238
TARGET 50000500 profile=3003,3043,9001,11036,14568,14768,19891,19962,20116,23021,26436,27287,28826,30367,32130,35337,38169
TARGET 50000505 profile=181,736,8826,11012,11085,12109,19340,19449,20458,20528,23002,28843,29146,29407,32051,38238,39114
TARGET 50000550 profile=181,1813,3004,7232,10999,11987,12546,12549,22795,26807,29137,33183,36676,38235,39602,39626,40100
TARGET 50000555 profile=744,1882,2953,5972,7004,7504,12164,14768,18490,23313,24491,29407,29754,30127,32049,33183,38238
TARGET 50005000 profile=487,7041,9000,12848,12852,14628,19181,19672,20028,20562,23021,25325,26819,30419,33842,36371,39702
TARGET 50005005 profile=487,747,2002,6040,11081,12591,19677,20060,23064,24541,26241,29754,32280,33183,33202,33740,35785
TARGET 50005050 profile=204,3007,8646,8808,9008,12164,12595,19155,22777,23021,25100,26807,27276,29530,33666,35437,39626
TARGET 50005055 profile=192,1900,7030,7528,14628,18802,20487,24558,26079,26817,27312,30366,30681,32104,32139,35784,36672
TARGET 50005500 profile=748,3007,6045,11871,18715,19965,20458,20463,26440,28826,30367,32107,32140,35325,35785,36349,36676
TARGET 50005505 profile=272,733,1882,7531,12203,12578,12840,18347,19329,24558,26436,26440,28834,30367,33738,33740,36424
TARGET 50005550 profile=7510,8826,14564,18642,18645,20060,20314,20458,20521,20554,24558,29079,29130,29137,30360,30367,35322
TARGET 50005555 profile=24,1882,6921,7027,7504,9012,11987,12848,19059,20562,23618,25322,30127,32049,32107,35786,36675
TARGET 50050000 profile=3005,7555,7681,12183,12578,14586,18203,19069,19915,25098,25327,29115,30745,33883,35339,35407,36371
TARGET 50050005 profile=196,6033,7238,7681,12183,14578,14768,19266,19340,19627,24380,25326,30562,34152,35138,35786,38236
TARGET 50050050 profile=205,994,6635,8808,11079,12546,14768,18640,19901,20487,26805,30745,30763,35339,36676,38858,39703
TARGET 50050055 profile=1842,6808,7527,11042,11080,19298,20532,23841,26087,27279,30400,30405,32356,34447,35406,38171,38221
TARGET 50050500 profile=3004,3007,6923,7004,12184,12848,14577,19873,20545,22901,30406,30417,30746,35337,36450,36459,39538
TARGET 50050505 profile=1813,7069,7500,7504,12170,14406,14568,14760,14832,19962,23795,23831,23838,26817,28834,34657,34662
TARGET 50050550 profile=181,3004,3005,7514,11075,12549,19027,19891,23841,27280,30121,30745,32104,36369,36456,36726,38221
TARGET 50050555 profile=744,906,6784,8804,11012,12274,14568,19901,20570,22768,22891,26401,29154,29401,30763,35786,36459
TARGET 50055000 profile=748,749,6047,7558,10966,18345,19268,19340,24250,24541,24555,27096,30744,30754,32051,36672,38236
TARGET 50055005 profile=1004,3000,7528,7681,7692,8868,14586,18802,19418,20060,20463,24491,24552,26793,31990,32154,39122
TARGET 50055050 profile=278,1842,2881,3007,7041,10050,14554,20487,22795,23021,23793,26795,29736,32104,32140,35407,36636
TARGET 50055055 profile=1842,6923,7692,8646,10106,12546,12696,22901,23021,23793,25326,26793,32139,34440,34662,36349,36371
TARGET 50055500 profile=724,725,6921,7555,12595,14772,18200,20314,23011,24380,26819,29136,30419,30562,35779,36369,36450
TARGET 50055505 profile=1326,6921,7531,7632,7681,10965,12284,12852,17861,19266,19513,20463,23618,26446,30419,34662,35786
TARGET 50055550 profile=180,745,1842,6046,7510,10967,12274,17981,20463,20554,25100,26241,29137,29407,29730,32341,36602
TARGET 50055555 profile=1824,3007,6811,7504,12201,12568,12852,14400,20192,20467,23841,26439,29146,29407,30393,34586,36349
TARGET 50500000 profile=940,2116,6047,8794,9001,14564,14772,19397,20117,20131,23682,27096,27276,28825,30558,30745,35315
TARGET 50500005 profile=158,722,949,3005,5973,8809,14768,17920,19069,19181,19397,23052,27286,34186,34662,34663,36310
TARGET 50500050 profile=554,721,1813,3005,5997,11026,18345,19024,19269,19901,20467,23682,33202,34176,35404,36672,40100
TARGET 50500055 profile=196,272,3005,11012,19269,19270,19396,19627,23647,26446,26793,29730,30393,32049,33202,35401,35404
TARGET 50500500 profile=936,3005,8808,11036,14628,19027,19095,19882,20018,20460,25058,26352,26807,32280,35778,38169,38905
TARGET 50500505 profile=936,944,1882,6797,6921,8804,11012,14768,18347,19396,20544,24555,26472,29137,33818,34584,39486
TARGET 50500550 profile=738,745,1882,7189,7780,11036,11987,17728,18645,20458,27275,29154,30120,30393,33198,35322,38236
TARGET 50500555 profile=2953,3043,7069,10953,18549,18578,19095,20544,22056,26081,28824,30393,32355,35400,36459,36636,38169
TARGET 50505000 profile=193,3002,10966,11871,12241,14569,17995,23020,26472,27286,30744,31987,33201,35325,35596,36352,40206
TARGET 50505005 profile=200,3002,5521,6814,7680,10961,12112,12852,18347,18544,18802,24558,25100,32051,35166,35596,36676
TARGET 50505050 profile=192,204,2881,3001,8640,11086,12848,18347,19171,19669,20117,20562,25178,29756,31984,34186,39624
TARGET 50505055 profile=480,1813,6994,7514,11002,17728,18347,19264,23646,24380,24558,29545,30393,30400,33864,36169,36676
TARGET 50505500 profile=200,2116,9014,10965,11085,12840,12848,17755,18549,20324,26799,28800,30395,35778,36349,39702,40100
TARGET 50505505 profile=193,1004,1812,3002,5962,10965,12840,17728,19397,19965,23530,26472,29406,32316,32861,35785,36460
TARGET 50505550 profile=2916,6835,7023,8826,10955,12840,18698,20117,20314,20458,20562,28824,29746,30126,30393,32024,35761
TARGET 50505555 profile=181,720,3002,6040,7232,11826,17731,19027,19095,19181,24558,27286,29136,29736,30384,36636,39114
TARGET 50550000 profile=948,1812,3001,3004,8804,11026,14404,14785,19627,19965,22890,23526,25178,30562,32154,36307,38858
TARGET 50550005 profile=937,2953,3000,6808,7077,7681,8644,12848,14554,14772,17875,18549,19410,23823,34177,35784,38780
TARGET 50550050 profile=1842,1900,3001,7004,7189,7680,11826,14674,14761,17746,19915,23838,29520,30360,34177,34186,38780
TARGET 50550055 profile=158,746,1842,2880,6794,6808,12154,18640,19069,24338,26435,30186,30405,32355,34186,35401,38238
TARGET 50550500 profile=152,725,2116,5985,7632,11026,14760,14768,17746,19901,25058,26805,29146,30406,30763,32861,35770
TARGET 50550505 profile=0,6780,7522,14568,14586,18203,18550,19813,19965,23529,24380,25320,30364,30405,34662,35784,38238
TARGET 50550550 profile=18,205,3043,6794,7510,11026,14400,14772,17746,17893,18549,23792,27280,29406,30126,32049,38780
TARGET 50550555 profile=720,722,1882,8868,10953,18578,19069,19813,20467,23838,23841,26801,27273,29730,32280,35316,38682
TARGET 50555000 profile=3001,6838,11858,11878,14404,14554,18578,20528,24491,24551,26436,26795,30395,30406,33864,36459,36460
TARGET 50555005 profile=723,6995,7238,9001,11871,14401,17860,23823,23841,25320,26793,30186,31987,34662,35596,35786,36310
TARGET 50555050 profile=3007,8812,10955,10966,12696,17737,17851,17981,20554,23793,26805,30562,30720,34176,35326,36371,36600
TARGET 50555055 profile=874,3096,6807,6811,7041,7238,11848,12154,17875,20532,26824,30127,30400,32049,33740,35322,35784
TARGET 50555500 profile=944,948,6835,7232,8826,8940,12153,12284,12840,17981,20018,23586,24555,26073,30126,30744,39702
TARGET 50555505 profile=720,948,2880,6921,8794,10965,11002,17962,20463,22915,23530,23847,32280,34662,35784,38221,39106
TARGET 50555550 profile=194,874,1882,7688,7692,11086,12170,17731,17755,20562,23738,26075,26795,32280,35596,39106,39624
TARGET 50555555 profile=180,906,1812,5913,7632,12852,17755,17775,17861,23823,26793,26817,29746,32304,34584,35376,38238
TARGET 55000000 profile=16,486,2116,2887,7189,8647,12598,14578,14586,18550,20130,23074,26247,34186,38221,39697,40098
TARGET 55000005 profile=181,725,1901,6040,9008,9012,12109,12571,14772,19210,23002,26081,32355,35136,35161,36371,38899
TARGET 55000050 profile=22,907,5996,6039,7189,14586,18753,20058,20450,20554,22888,29539,29746,30121,33192,34194,36371
TARGET 55000055 profile=2885,2917,5972,8808,9008,14761,19170,19266,19397,22900,26447,27276,29522,30417,33153,35287,36450
TARGET 55000500 profile=18,28,1843,5972,7503,12284,14569,18642,19069,20117,26440,29289,33192,35779,36424,39481,40098
TARGET 55000505 profile=936,3003,6923,7004,7232,8818,12067,14768,19338,22765,29401,30247,33183,38232,38640,39097,39114
TARGET 55000550 profile=25,1900,3097,7004,9008,11036,12164,12550,18604,23195,23795,29154,29401,30121,33192,36369,38221
TARGET 55000555 profile=907,1843,2882,5983,6923,7500,7503,12274,22770,26081,29737,32356,33201,34562,34586,35058,38221
TARGET 55005000 profile=940,7023,8818,9008,11075,12284,12841,19027,19962,20058,25098,25207,30722,33202,35596,39072,40176
TARGET 55005005 profile=2883,7023,7514,8826,12571,12841,18347,19194,19669,24380,25206,29715,30247,30419,32051,35761,38899
TARGET 55005050 profile=1843,7010,8646,8808,9000,9072,12229,12546,12550,19266,24491,24550,24552,26099,29530,39696,39703
TARGET 55005055 profile=2882,2886,7024,7688,8817,11987,12164,19155,20520,23020,30417,32130,32139,34474,35326,35337,35762
TARGET 55005500 profile=1812,6004,6046,11872,12591,20016,20562,24555,26439,26801,30246,33155,33183,35320,35325,36676,39481
TARGET 55005505 profile=272,949,6045,7500,9008,11673,14568,18544,19180,20509,26079,30419,32356,33816,34657,35761,35779
TARGET 55005550 profile=25,180,5996,7232,8808,11830,14564,19180,20578,22786,23010,27241,29754,30127,30722,32139,35779
TARGET 55005555 profile=907,2882,2883,6033,7503,12578,19170,19627,24555,26440,29407,30966,32049,32136,33183,35761,36424
TARGET 55050000 profile=29,1327,2116,6047,7527,11086,19077,19338,23041,23823,26985,29154,30721,36600,38221,38236,38778
TARGET 55050005 profile=1327,7688,7692,8868,12201,14760,19072,19302,19900,20532,22900,25203,26097,32051,34656,35339,38906
TARGET 55050050 profile=19,994,1900,7043,7514,7680,12595,18203,20043,23832,27276,27280,29530,32104,35287,38778,38780
TARGET 55050055 profile=26,2886,6807,11079,18594,19269,20450,20467,27280,29522,30405,30721,32029,32356,35287,36427,36460
TARGET 55050500 profile=936,1882,8868,12190,12592,19516,20509,23832,26099,26472,26805,30720,32352,35286,35715,36424,36459
TARGET 55050505 profile=948,2886,7004,7531,14406,14568,14768,19873,22755,22900,24378,26081,26436,28834,30277,34562,38682
TARGET 55050550 profile=745,1900,6923,7688,11985,12187,12550,14772,19659,20532,23736,25204,29401,30722,32355,36369,36427
TARGET 55050555 profile=8804,12544,14586,18546,18549,19338,20192,20450,20528,20544,23832,29679,29730,29737,30402,35280,35287
TARGET 55055000 profile=278,2881,8826,12592,12841,12852,14628,19338,19516,20136,20467,23795,23838,26075,33962,36310,36474
TARGET 55055005 profile=26,27,5920,11081,12574,18201,19964,20058,23823,23841,24964,26352,32352,33202,35760,35770,36371
TARGET 55055050 profile=486,5919,7238,7692,11985,12595,12696,12841,17980,18799,19962,20467,23736,27286,30722,35339,39696
TARGET 55055055 profile=2,3,7531,9012,11985,12571,18344,20192,22890,25098,26097,29736,30763,32049,32130,35339,35596
TARGET 55055500 profile=1812,5068,7500,7632,11987,12852,14406,22900,23020,24489,25207,26075,32029,32051,36459,39486,39696
TARGET 55055505 profile=1004,1812,2886,3000,8794,12201,14370,20509,22770,22900,24489,26073,29136,30247,32316,36424,36460
TARGET 55055550 profile=1801,2886,7041,7552,7692,8640,11875,12550,20314,20463,24555,27279,29746,30121,32029,35313,39602
TARGET 55055555 profile=24,906,1812,5921,7232,11080,12544,17860,20467,20528,24378,26985,29130,29737,30121,32282,36661
TARGET 55500000 profile=4,205,884,2883,9008,11037,14569,17824,19669,19900,20116,23082,26446,31990,39106,39696,39697
TARGET 55500005 profile=196,2002,8804,9012,11081,14554,14761,19396,19410,20116,23586,26352,26436,29521,30395,35592,35761
TARGET 55500050 profile=192,200,1900,5996,9008,11861,11985,14564,18203,20117,20521,23841,27312,29737,34440,38856,39600
TARGET 55500055 profile=192,2883,5972,8868,14568,19168,19296,19627,19813,20468,24336,26081,27096,30762,33153,33841,36600
TARGET 55500500 profile=940,994,2883,5996,19027,19965,19966,20117,23521,26075,27286,29130,30241,30244,35313,36369,38236
TARGET 55500505 profile=0,1394,1843,2883,5962,11013,18201,19180,19624,19965,20463,23586,30244,32352,35058,38236,39096
TARGET 55500550 profile=2917,3097,5915,12229,18645,18696,19813,20521,21312,26807,29520,30240,32139,32316,33153,35313,36675
TARGET 55500555 profile=12,24,1900,5972,6923,12109,12940,17746,18549,20450,26435,29406,29754,30402,33202,35313,38232
TARGET 55505000 profile=193,2881,3097,7688,8794,9012,11872,12237,12841,14404,17994,18645,20131,24541,30720,33738,39097
TARGET 55505005 profile=204,1842,2880,2882,5962,8644,9025,14564,19027,19269,23011,23640,24456,31987,33816,35596,36474
TARGET 55505050 profile=721,8808,8826,11826,12586,18347,18646,19095,19269,23643,25098,25201,30720,33192,35284,35325,39696
TARGET 55505055 profile=3,874,2002,5962,9000,9008,11001,12696,17728,19180,24336,26079,29746,30754,35326,35779,37900
TARGET 55505500 profile=28,884,1812,3001,6994,11858,11872,18544,19669,25056,27275,29442,30241,33192,35325,36675,39106
TARGET 55505505 profile=1812,1882,2880,6780,8914,9001,12109,12164,12840,17728,19194,24552,28824,33738,35280,39097,39106
TARGET 55505550 profile=1,4,1900,5915,14628,18696,19095,19669,20463,24552,24555,26087,26433,29130,30396,33666,36600
TARGET 55505555 profile=732,949,2917,5962,8640,9012,11858,12544,17728,17775,18645,24488,26440,29400,30120,33738,36369
TARGET 55550000 profile=944,2884,5927,7192,7692,10681,11878,12840,18203,18640,19516,23832,24378,30562,32356,36371,40200
TARGET 55550005 profile=937,2884,5920,6807,7200,8809,17874,22901,26446,27312,30405,30562,32032,35160,35760,36307,38235
TARGET 55550050 profile=278,937,1842,2884,5919,7680,11026,17746,19269,20116,23644,27312,30120,30721,32140,36636,37900
TARGET 55550055 profile=944,2002,5919,6039,7680,7688,14774,17730,18645,20198,26085,29544,30762,32029,34656,35058,35315
TARGET 55550500 profile=1320,1843,5986,12154,12578,17746,18203,19960,23520,23832,25098,28801,31849,32356,35313,35320,38880
TARGET 55550505 profile=936,948,2880,3000,6040,7688,14400,18203,19069,19396,19890,20532,24456,29156,34560,36304,39106
TARGET 55550550 profile=1,907,2884,6780,11086,12274,17754,19627,19813,19900,23832,26446,29136,29736,32316,34194,35304
TARGET 55550555 profile=3042,5913,7680,11851,12183,14586,18576,19396,20192,20450,20532,29146,29400,29520,30745,35313,36344
TARGET 55555000 profile=5,6807,8641,12155,12284,14761,17981,24541,24555,25201,26075,29442,30562,30722,31990,36307,39696
TARGET 55555005 profile=2880,6794,6814,8644,8794,11854,18696,20554,23795,23830,26073,27276,32139,32140,35315,35326,38880
TARGET 55555050 profile=1,204,3001,5919,5986,11985,14554,17848,20467,23034,23644,24565,30720,33183,34186,36600,39696
TARGET 55555055 profile=200,204,6993,7238,7680,11851,12274,14586,14700,17860,19296,23682,23841,26795,29400,34656,35760
TARGET 55555500 profile=152,2952,6832,6994,11871,11875,12201,12284,17994,20562,26110,29401,30402,30720,35320,36369,38778
TARGET 55555505 profile=2886,5913,5920,7632,14572,17715,17860,17970,20528,24489,26079,30406,32051,32280,35596,35784,39096
TARGET 55555550 profile=180,906,1842,7692,10955,12696,17730,17893,17980,24541,26075,26099,29146,30456,33192,36624,39600
TARGET 55555555 profile=152,938,1900,6040,7010,12848,12852,17730,17754,20532,23616,26073,26793,30562,34186,34560,36600
