G8_CORNERS degree=6 profile_size=20
TARGET 00000000 profile=22,152,7043,8868,11013,12284,12546,12591,14628,19210,19672,20117,20487,23048,23065,39114,40207,40207,40207,40207
TARGET 00000006 profile=196,948,7043,7069,8868,12574,14577,18347,19672,22777,23064,23064,23065,30419,32051,34186,35167,35167,35167,35325
TARGET 00000060 profile=749,6993,7147,11037,11037,12274,18642,18698,19270,23065,23065,25418,29539,32355,33153,33183,34177,34441,36371,36690
TARGET 00000066 profile=486,1813,1843,6993,7043,8646,11079,11085,11987,12274,18802,22890,25362,27276,35138,35138,35138,35138,35138,35339
TARGET 00000600 profile=742,949,8794,11075,14568,14628,18490,18550,19411,19962,23034,23065,23065,28826,28826,32370,35337,36690,38221,39106
TARGET 00000606 profile=13,181,272,936,12588,12591,14628,18490,18549,19965,19966,23048,26446,26817,30367,35138,35138,35138,35138,35406
TARGET 00000660 profile=907,7503,12546,14577,18203,18347,19962,20463,23048,25363,26807,29746,33606,33606,33606,35280,38171,39626,39626,39626
TARGET 00000666 profile=7189,8868,9000,9008,12274,14577,14832,18546,18578,18578,22770,23529,24966,25323,25323,25323,29737,32104,32352,36371
TARGET 00006000 profile=749,749,749,7558,12912,14628,19168,19962,19965,20138,20487,26440,26472,27096,30360,32110,33609,35761,36352,40178
TARGET 00006006 profile=13,1004,7534,7534,7534,10961,12841,19155,19171,19924,23064,25363,27286,30367,32051,32139,34177,34186,35770,39114
TARGET 00006060 profile=192,742,7558,7558,7558,7558,12064,12274,14628,19264,23376,24541,25417,26987,29539,30126,30417,33153,33866,34186
TARGET 00006066 profile=948,3002,6045,7020,7023,8646,11081,11081,19298,19298,20458,20487,23646,29539,29746,32130,32139,33609,35138,35326
TARGET 00006600 profile=721,949,1004,1324,7041,7552,7552,7552,12284,12848,18347,18549,25236,32110,33606,33666,33818,36676,39481,39487
TARGET 00006606 profile=13,180,272,8819,11003,12852,14568,18203,18347,18490,18578,20324,23002,23529,30367,33818,33818,33818,38906,39106
TARGET 00006660 profile=1324,1900,7510,7510,11003,12592,17971,18347,20463,23376,25236,26402,26987,27096,29754,30366,30366,32139,35378,40178
TARGET 00006666 profile=744,744,744,949,7527,9072,11036,12274,18347,18490,19024,22770,22777,26440,29146,33818,33818,33818,35320,39096
TARGET 00060000 profile=937,1004,1327,3007,6047,7150,7150,8809,12180,17731,23035,23035,25325,26446,30562,32370,34177,34186,38171,39090
TARGET 00060006 profile=906,944,2886,7534,7534,7534,7534,11013,14586,19072,19915,20487,26436,27312,30402,32355,33883,34176,38644,38906
TARGET 00060060 profile=205,749,1327,2002,7189,11027,11027,11079,12549,20467,22777,22888,23643,26446,27280,30121,30400,33874,38858,38858
TARGET 00060066 profile=272,7752,8809,11027,11848,12170,14832,19298,19298,19298,19298,20487,23064,23232,26446,27280,33883,35407,36456,38171
TARGET 00060600 profile=26,937,3098,6807,7150,7150,14628,14760,14768,14832,20018,20018,20018,22993,23526,23526,26402,29146,32051,39090
TARGET 00060606 profile=744,944,6814,6923,7005,19891,20450,22915,23040,26352,27280,28834,32029,32051,32282,32316,36424,38906,38906,38906
TARGET 00060660 profile=205,487,721,3042,7524,7527,11027,11985,12550,14628,19891,19891,20467,23232,29146,29546,30127,30127,32370,38221
TARGET 00060666 profile=736,7688,8808,11073,17851,18490,19960,22768,23232,23520,26243,27312,29546,29546,32032,32355,33874,35406,35406,36369
TARGET 00066000 profile=2884,7752,9001,12588,12841,14407,14586,17835,17995,17995,17995,19418,19962,25327,25327,26440,28826,32154,36371,36636
TARGET 00066006 profile=1004,1842,6808,6995,8819,8826,11087,12284,14761,17848,17874,20487,22915,25320,26352,28843,35167,35167,35785,36474
TARGET 00066060 profile=722,994,6047,7238,11826,11985,14579,17995,19630,22795,23376,23823,25100,26446,29530,33866,33866,33866,35326,36636
TARGET 00066066 profile=278,720,2002,7534,7534,11079,11079,11848,11985,12588,20450,23643,23823,24250,33874,34170,35785,36602,39106,40206
TARGET 00066600 profile=936,8818,10965,10965,12284,14586,17835,19962,22888,22915,23065,24541,25178,25236,26352,27276,30246,35320,39487,39487
TARGET 00066606 profile=936,1842,5921,7552,9001,11073,12284,12578,17962,18201,18549,20192,23586,24458,24458,25326,30458,35167,35167,38890
TARGET 00066660 profile=25,193,7680,11085,11085,18201,19270,20463,22777,22786,23082,23823,25178,25362,26795,29137,29746,38906,39624,39624
TARGET 00066666 profile=3006,6780,7558,7680,10953,12274,17746,18203,18544,19030,20463,24458,24960,25274,25362,27242,27280,34586,34586,34586
TARGET 00600000 profile=940,2116,8644,11037,11037,11037,19915,19915,19966,23526,23823,24250,25274,26795,27096,32139,34186,35322,35325,38881
TARGET 00600006 profile=196,736,736,948,7043,8808,11081,18347,19195,19195,19672,19915,23232,24964,27240,28842,32139,34186,35160,38238
TARGET 00600060 profile=480,2002,6835,7043,11829,12232,14404,18640,18698,20131,23065,23065,23065,26446,32130,33874,33882,35401,36636,36675
TARGET 00600066 profile=1900,2002,6039,7024,7024,7024,8868,14404,14586,17835,18550,20554,25324,26401,30400,32032,32130,35166,38646,38646
TARGET 00600600 profile=152,944,949,1843,7192,7192,7192,7232,10965,14577,14768,19024,26436,27312,31990,33201,35136,39486,39486,39486
TARGET 00600606 profile=1326,1882,2116,5973,7144,9008,11002,12203,17728,19072,19195,23052,23064,26400,29154,32355,35166,35400,36450,38905
TARGET 00600660 profile=907,1812,6790,6790,6790,12165,14832,17715,20131,20458,26807,27241,28801,29154,30364,30417,34186,35404,36636,38644
TARGET 00600666 profile=736,1320,5925,11073,17728,18347,18645,19270,19411,20450,20528,23232,25273,29146,29545,29545,33609,34584,34584,36672
TARGET 00606000 profile=725,725,725,725,1812,2002,2882,6838,14565,17962,17971,19168,20131,27286,29746,32110,32154,34170,36690,39114
TARGET 00606006 profile=723,723,723,2002,6814,6814,12070,12203,14565,19027,19168,24964,25363,26402,26440,33183,33698,35326,38738,39106
TARGET 00606060 profile=5,200,10955,12165,12841,18201,18347,20117,20138,23643,23644,23646,27276,32049,33153,33864,33864,33864,36352,36600
TARGET 00606066 profile=192,7030,8641,10959,10959,11826,11854,19298,20509,23646,25323,27275,28824,33153,33183,34170,34186,35325,35596,36474
TARGET 00606600 profile=12,6921,8641,11037,12912,14565,17971,17971,17971,17971,20509,25321,26472,27241,27286,30367,32316,33201,35596,38898
TARGET 00606606 profile=733,733,733,733,6921,8795,14553,17730,17971,18549,19962,20458,23586,25236,28834,32139,33818,38238,39090,39106
TARGET 00606660 profile=481,724,3005,6790,6790,7024,11987,12165,18544,19168,20467,25058,25058,25417,27276,27286,30247,30393,32130,35596
TARGET 00606666 profile=25,720,720,1813,1842,1882,9072,11001,14553,17737,18645,19024,19966,25002,26799,29130,32280,33818,33818,33818
TARGET 00660000 profile=948,6995,8809,8868,14401,14555,17995,17995,17995,19813,19914,23232,25324,25324,25324,27096,33874,34186,34586,36675
TARGET 00660006 profile=158,723,723,723,11013,12190,14761,19298,19960,19965,23823,24458,24458,25362,26243,26401,29146,32355,36310,38644
TARGET 00660060 profile=6993,7150,7150,11878,14761,14768,18645,20314,20487,22777,24306,25362,27273,29736,30360,33865,33865,33865,35401,36459
TARGET 00660066 profile=944,7005,7238,7680,10959,18645,19270,20450,23823,24338,25323,25362,26817,32032,34176,34440,35401,35401,36310,38738
TARGET 00660600 profile=739,936,6790,11871,11872,12201,14400,17953,18203,19965,20544,24246,24246,25237,32352,33883,36371,36459,39486,39486
TARGET 00660606 profile=196,736,6784,7144,7681,8644,12180,12284,14406,17715,17875,17875,18550,24378,26446,27280,28834,29146,38904,38904
TARGET 00660660 profile=944,6807,11036,12696,14568,17737,18645,19630,22795,23738,23738,25320,25324,25324,26446,30244,30400,30562,32352,36304
TARGET 00660666 profile=720,720,720,6804,6923,12284,14586,19072,19269,19891,22771,23232,25273,26985,29136,29520,34446,35138,36456,38221
TARGET 00666000 profile=723,2002,6838,6838,6838,6838,7192,11871,12284,12696,14401,19264,23795,24556,25418,27280,32139,33840,33874,39486
TARGET 00666006 profile=5973,6994,7681,10967,12848,14401,17875,17875,17953,19264,24250,25320,25320,25320,29407,32051,33874,36371,36459,39096
TARGET 00666060 profile=204,480,906,6838,6993,8808,11829,12848,17755,17981,18345,23041,24249,24306,25321,34186,35401,36430,40206,40206
TARGET 00666066 profile=204,7688,11001,11854,17731,17995,20487,24306,25326,25362,26401,26440,26793,31984,32049,35322,35401,35401,36310,39090
TARGET 00666600 profile=884,936,6832,10967,10967,10967,10967,12912,17728,20463,20509,24491,26435,28826,28842,30126,30562,33816,35596,39090
TARGET 00666606 profile=884,1843,6814,6814,6814,6814,12284,12912,14553,17971,20463,23529,25272,26073,26446,29130,30406,32280,35166,35406
TARGET 00666660 profile=1812,3042,6780,7041,10965,10965,11829,18640,19030,20509,23376,23736,23823,24246,25274,27276,29544,39624,39624,39624
TARGET 00666666 profile=723,2116,5913,6808,6808,6808,12912,14578,17731,18347,20463,23529,23586,25272,26446,27096,30393,30406,35400,39486
TARGET 06000000 profile=204,940,7558,8817,12203,12229,14628,18203,19072,22755,23040,23041,23041,30405,35339,36371,39106,40201,40201,40201
TARGET 06000006 profile=736,874,5997,7238,7500,7527,8868,12203,14628,19072,19396,19924,20509,23040,23074,34194,35161,35161,35161,35161
TARGET 06000060 profile=192,739,907,994,7524,7527,8868,18604,18645,19269,19270,23074,26099,27286,30246,35287,40176,40176,40176,40176
TARGET 06000066 profile=16,205,6033,8808,8868,14554,18604,18646,19266,20130,22915,23040,23040,29522,29522,30417,32370,33183,34186,36690
TARGET 06000600 profile=1326,1813,1843,6039,6045,6923,7232,12153,12203,14406,19516,23011,25236,26436,30419,40176,40176,40176,40176,40176
TARGET 06000606 profile=27,5973,5973,7232,12067,12153,18546,18576,19966,23040,23040,25274,28843,32051,32370,36675,38169,38221,39097,39487
TARGET 06000660 profile=7232,8817,9072,12109,14628,14760,14768,18642,18696,18696,22795,23643,24240,25205,25205,25205,29137,32051,36424,36672
TARGET 06000666 profile=181,7500,8817,12549,18203,18347,19266,20467,23074,25237,26081,29146,30360,33155,34562,34562,34562,38640,38640,38640
TARGET 06006000 profile=180,200,3007,5997,8826,12598,12598,12598,12598,19194,19672,20509,26472,27276,33610,33842,35322,36675,38899,39096
TARGET 06006006 profile=193,278,487,2886,7020,11081,12070,12070,14569,17754,22914,22914,25203,27286,33155,34170,35596,36690,39097,39106
TARGET 06006060 profile=25,200,11878,11987,12165,19170,20458,23034,23065,26440,27096,29530,32104,33842,33842,33842,36349,36371,36602,36636
TARGET 06006066 profile=193,748,2954,8868,9000,9008,9072,11871,12070,12070,19296,19296,19296,22875,23640,23640,27242,29746,34170,36371
TARGET 06006600 profile=994,5963,6832,7010,9072,12912,14569,20016,20016,20016,20016,20509,23041,23376,26440,27286,30247,32136,33155,38899
TARGET 06006606 profile=27,487,949,2116,5963,5963,6045,7503,12109,20463,22755,23002,23529,26440,27286,29407,33816,33816,35320,38890
TARGET 06006660 profile=22,6035,12848,14568,17970,18604,19264,22786,23376,23646,26472,26987,28802,28802,30246,30246,32049,36352,36675,38890
TARGET 06006666 profile=0,949,1327,2916,5963,6921,7504,8868,12588,12591,19170,19170,20463,23376,28802,29401,29401,29746,33183,36690
TARGET 06060000 profile=278,739,5927,7681,12598,12598,12598,19210,19873,19890,23041,25237,26446,30754,34194,35287,36371,36459,39097,39106
TARGET 06060006 profile=27,27,27,7752,8868,12574,19266,19269,19416,19882,20509,26352,27280,27312,30745,32032,35136,35280,36430,38643
TARGET 06060060 profile=739,906,994,5987,7692,8808,14579,18203,18347,18604,18696,20198,22888,23643,33842,34186,35287,38856,38856,38856
TARGET 06060066 profile=0,205,278,484,7238,7688,12201,12568,12568,12568,18203,18645,25362,32356,34441,34447,36430,38640,38682,38856
TARGET 06060600 profile=204,2884,6047,6047,11079,12180,12183,14406,20016,20016,20450,20509,23520,28843,29146,30406,36450,36459,38643,40176
TARGET 06060606 profile=16,936,7144,7232,8868,12574,12574,12574,12574,19960,23232,23823,25273,26243,28843,29400,35337,38169,38882,39106
TARGET 06060660 profile=25,25,25,205,5972,7232,12591,14832,18203,18604,19624,22755,22795,27280,29746,30400,34176,38856,38856,38856
TARGET 06060666 profile=484,1882,5987,7528,12544,12544,17850,18203,20467,23232,25362,26243,26352,27242,29154,30458,35136,35286,35286,36459
TARGET 06066000 profile=278,1812,6041,7238,9001,11872,12155,14579,14586,17962,17995,20509,23034,25201,27096,29539,30721,32154,40201,40201
TARGET 06066006 profile=3002,7524,7681,8647,8826,12912,14761,17874,17874,17874,17953,19266,20136,25206,25206,27280,29522,32051,32316,36474
TARGET 06066060 profile=192,1812,6035,7238,7514,10967,12568,14761,17848,18345,18645,20314,23682,25176,25176,25207,33874,35378,40201,40201
TARGET 06066066 profile=192,5919,5919,7238,8826,14578,17953,19266,23002,23034,23040,23823,24456,25362,26436,27096,30400,34441,34441,35406
TARGET 06066600 profile=1,1004,2116,6045,6045,6832,6921,7524,12598,12598,20458,23529,24541,24964,30721,32282,34186,35160,38890,39090
TARGET 06066606 profile=4,272,6780,6921,8819,11081,12284,17874,19030,22770,23232,24378,24541,27286,28834,30406,32316,38882,38882,38882
TARGET 06066660 profile=2887,5915,7232,11826,12574,12840,17728,18347,18640,19630,20467,24246,25176,25236,25418,26402,26440,39602,39602,39602
TARGET 06066666 profile=744,937,6039,6039,12840,18345,19966,20467,22755,22768,23052,24456,24541,25236,26073,29146,29737,33842,34560,34560
TARGET 06600000 profile=22,22,204,940,6047,12203,14568,18203,19072,19194,19914,19914,23376,24250,26400,29538,33192,36459,39106,40206
TARGET 06600006 profile=196,2002,5973,5973,5973,14404,19194,19194,19270,23640,24541,24964,25418,26073,26352,30402,30405,33865,36459,39106
TARGET 06600060 profile=486,1900,2002,5986,7043,11037,12064,14768,17746,19672,19914,23041,23082,27240,29754,30240,32130,33841,36675,40200
TARGET 06600066 profile=200,205,874,1813,5919,8817,9008,12112,12112,12112,12274,19624,26472,27276,34440,34440,34440,36310,38235,40178
TARGET 06600600 profile=1882,2116,8644,8826,11085,12184,12184,12184,14628,17953,18646,20528,25202,27241,33600,33600,35320,36352,36450,40200
TARGET 06600606 profile=1320,2116,6783,7072,8644,11851,12203,18544,18576,19410,23040,23040,23040,27286,30241,32316,32355,36450,38890,38898
TARGET 06600660 profile=22,480,6035,10959,17746,18203,18549,19966,20130,20458,20554,23376,25417,28801,28801,29746,32352,38643,39600,39600
TARGET 06600666 profile=181,1842,7005,9072,11824,11824,11824,17737,19410,20450,26081,26401,29545,29754,30244,32316,33610,35284,35337,39106
TARGET 06606000 profile=5,5,5,884,5997,7030,9001,19264,19269,20016,24541,25176,25176,25236,26987,27241,29746,31990,33610,36675
TARGET 06606006 profile=204,8641,8795,12155,14569,14628,17874,17874,17874,19095,19195,23376,25202,25202,25202,26352,32355,38890,39106,39602
TARGET 06606060 profile=22,940,7020,7238,8646,11830,12064,12841,14404,17737,17994,17994,18646,25100,26440,27286,29530,29746,33840,33840
TARGET 06606066 profile=13,192,6807,6808,7041,8640,11824,17835,18347,19269,20521,24960,24960,25363,32051,32139,34440,34440,36672,38899
TARGET 06606600 profile=200,5925,12165,12284,12840,18549,19966,20458,24541,25056,25205,25236,26099,30241,30241,31990,33696,36352,39096,39486
TARGET 06606606 profile=6814,9001,9008,12070,12070,12153,18549,20192,20509,22755,25002,25236,26433,29136,30241,32139,35280,38881,38881,38881
TARGET 06606660 profile=1,1,1,7238,8826,11868,11987,19170,19672,19965,22794,23376,25417,26241,28824,29736,32136,33183,39480,40176
TARGET 06606666 profile=200,5972,7632,8808,11871,17715,18549,19030,22770,23616,23616,25201,25202,25202,27286,31984,35320,35404,35596,36672
TARGET 06660000 profile=5,5,5,2116,7043,7150,8805,11878,11878,19627,19882,24250,25237,27242,27280,30406,33696,34186,38221,38736
TARGET 06660006 profile=3,3,3,3,1842,2116,3004,8805,11854,17848,17850,19410,19882,26446,29146,32370,34194,36430,36474,39090
TARGET 06660060 profile=19,19,19,19,8793,11985,14555,17755,17850,18645,19266,20450,23682,25362,29530,33192,34170,34186,36459,38856
TARGET 06660066 profile=738,5973,7752,8805,11985,14401,17850,17850,17850,17850,20487,25200,26401,26446,27312,30562,33882,35287,36636,38235
TARGET 06660600 profile=936,5925,5925,6780,6838,12190,14401,20016,20487,23520,25205,26435,29520,30405,30562,32154,38169,38221,39090,39106
TARGET 06660606 profile=723,944,5913,7005,7681,18203,18345,19396,19416,23520,23529,23530,26436,32032,32280,36369,38169,38880,38880,38880
TARGET 06660660 profile=1,1,744,1812,1843,1900,5985,8793,14832,17715,18549,19270,19624,24306,26085,29730,36600,38856,38856,38856
TARGET 06660666 profile=2,1321,2883,6923,7005,11824,11824,12184,18640,19882,20463,24336,24336,25273,26436,26446,30562,35313,35407,36450
TARGET 06666000 profile=5921,7688,8641,11037,12154,12841,17835,17994,17994,19960,24964,25201,25201,25201,30121,32051,32139,34176,36371,38890
TARGET 06666006 profile=5,2116,6807,7238,7632,8641,11854,11854,11854,11854,12112,19960,23842,24491,25274,26440,34440,36459,38890,38904
TARGET 06666060 profile=158,1813,7238,7752,8793,11878,11878,11878,11878,17850,20467,23643,25416,26795,27286,29730,30246,35326,36600,40200
TARGET 06666066 profile=158,192,5921,5921,5921,5921,7752,11848,17746,20467,20487,23795,27275,29400,29522,29538,30562,34170,35596,38858
TARGET 06666600 profile=948,5985,6838,12848,17754,17874,20509,25002,25207,25236,26075,27241,27280,30241,30241,30402,31990,34170,36304,36369
TARGET 06666606 profile=180,948,1320,6783,7688,11854,12153,14568,17730,17860,18201,23064,24963,25002,25200,30241,32110,35160,35160,39106
TARGET 06666660 profile=5,2002,7752,8818,10955,11872,11872,11872,17754,18203,20467,23643,23682,25416,26352,27286,30240,34440,35313,35326
TARGET 06666666 profile=1842,2916,5919,5919,6783,11826,12201,18544,19630,20487,23232,23618,24541,24960,25418,26436,28800,34560,34560,34560
TARGET 60000000 profile=487,742,1900,7552,12164,12595,14569,18347,19966,20060,26400,27312,32355,32370,33198,33198,33198,35339,35786,36430
TARGET 60000006 profile=205,940,2882,7552,8805,8808,11080,18203,19072,19266,27276,30419,33155,33183,34663,34663,36430,38238,38238,38238
TARGET 60000060 profile=2002,8646,8817,12155,12274,18802,20058,20545,20545,20545,22888,26807,26807,34194,34447,35322,36672,36675,38221,39626
TARGET 60000066 profile=278,3003,3003,3003,9008,11079,14578,19069,19269,19397,19672,20198,23646,29522,29730,29746,30417,32107,32355,39626
TARGET 60000600 profile=2116,3005,3005,7552,7552,9008,11012,12591,14406,14760,18490,20060,20554,28800,32104,32316,32356,38221,39114,40100
TARGET 60000606 profile=736,748,8809,12203,18578,19340,19396,20544,20544,20544,22768,26446,27286,30402,32107,32356,35320,36369,36424,39097
TARGET 60000660 profile=745,1813,2116,7510,8817,14628,14760,18578,19069,20116,20554,20562,23838,26807,26807,29146,30127,33153,35337,36602
TARGET 60000666 profile=181,732,1326,3043,7004,9008,11080,11987,12170,19396,20544,22768,22786,29407,29407,29407,29746,32355,33198,36369
TARGET 60006000 profile=733,1812,1843,7555,7555,7555,7555,12164,12588,14569,19095,27096,27241,30120,32051,32140,33155,33866,39097,40178
TARGET 60006006 profile=204,1004,3043,3097,7027,7027,8809,9008,11075,14569,19418,22888,24541,26817,32107,32140,33155,35138,35161,38904
TARGET 60006060 profile=192,940,1843,1900,7010,7238,12546,12595,19168,24491,26819,26819,26819,29754,32139,33198,33698,36602,39626,39702
TARGET 60006066 profile=732,732,1812,3006,6045,7531,7531,14628,19024,19269,19397,20467,20554,29546,29736,30763,32107,33666,34170,36672
TARGET 60006600 profile=2916,3007,7552,7552,11002,11036,12274,12848,14404,19962,20458,22933,28800,29146,32136,33155,33201,36349,39487,39487
TARGET 60006606 profile=487,1326,1882,9001,12153,12284,20192,22900,23011,24541,26799,26799,26799,26799,32282,33183,33740,34586,35770,39097
TARGET 60006660 profile=745,745,745,745,1900,7555,11987,18549,19669,20016,20117,23682,24558,26439,26440,27241,32136,32140,33183,33202
TARGET 60006666 profile=907,994,3097,7504,7504,7504,11002,11002,11858,12274,19340,26440,29137,29146,30366,33183,33201,33738,35320,38643
TARGET 60060000 profile=937,2917,7531,8804,9000,12284,14569,14586,14768,20016,20138,20138,22815,24246,26400,26819,27242,38171,38780,38780
TARGET 60060006 profile=278,747,1842,7232,8644,8868,12155,14772,17861,18802,19965,22914,23795,26805,26817,34194,35060,35167,35407,38236
TARGET 60060060 profile=205,906,3007,7514,7527,7528,12164,12187,12274,12696,18345,18698,20450,33865,34186,35378,36602,38780,38780,38780
TARGET 60060066 profile=746,746,7069,7531,12170,12274,14586,14768,18640,18802,19266,19627,20192,23232,23838,29520,32356,34186,34447,34447
TARGET 60060600 profile=948,1326,2917,5973,7144,7688,11085,12170,12274,19962,22768,23526,23838,24489,26985,32355,36369,39703,39703,39703
TARGET 60060606 profile=272,6814,6923,7004,7688,12170,12544,20509,23526,23529,26801,30405,30406,32316,32355,35786,35786,35786,35786,36424
TARGET 60060660 profile=745,3042,7232,7503,11012,14586,14768,14772,18698,18698,18698,19270,20467,23838,23838,27279,28800,36456,36602,38236
TARGET 60060666 profile=744,744,744,1882,7503,7692,11985,12274,14586,19069,19298,19397,26435,26793,29407,30763,38169,38221,38682,38778
TARGET 60066000 profile=749,749,8826,11027,12852,14407,17962,18640,19269,19624,20509,23020,24250,24558,27280,30746,30746,30746,31987,35326
TARGET 60066006 profile=278,747,6811,11878,12284,14569,18201,19181,22875,23795,24458,25237,26817,26817,30562,32136,35779,35784,36460,36602
TARGET 60066060 profile=906,994,6835,6835,8817,12841,14569,19024,20450,20467,23823,26819,26819,27279,30744,33201,34446,35339,39626,40200
TARGET 60066066 profile=874,2002,7531,7531,10959,10959,10959,14578,18576,20528,23793,23823,24541,25327,33201,34170,34177,35779,35784,36636
TARGET 60066600 profile=6832,6832,6832,8795,12591,12840,14406,14772,20458,20509,22755,24541,26985,30400,30746,30746,30746,32316,35784,39697
TARGET 60066606 profile=723,2952,5920,7232,12284,14586,19027,20018,20192,20324,22768,23618,25002,26817,26817,30402,34663,34663,35596,36424
TARGET 60066660 profile=994,2883,2952,6790,6790,6790,11985,12154,12274,12840,14586,20487,22768,24555,30127,30746,30746,32139,36427,39487
TARGET 60066666 profile=24,3000,3007,7531,7531,11829,18203,18802,20463,22771,23586,26439,27096,30400,32140,33183,35400,35400,36450,36636
TARGET 60600000 profile=1324,2116,7688,11036,11036,11036,12164,12180,19264,20117,20528,25002,25178,25206,30126,30745,33155,34186,35315,35596
TARGET 60600006 profile=1842,6794,8641,8804,14569,14761,17875,19397,19669,22891,25323,25323,25323,26079,32139,32280,33155,35770,38780,39106
TARGET 60600060 profile=1900,3004,3004,3004,7752,8868,9000,9008,12549,12841,14404,17850,19269,20117,20117,20117,27275,29538,32130,39624
TARGET 60600066 profile=722,1843,1900,2887,2917,7024,7024,8868,14404,14554,19269,19270,23232,23793,26985,31984,35060,35060,35060,35400
TARGET 60600600 profile=738,936,1882,2116,6790,6794,8826,11868,12183,12840,18347,20018,26087,26472,32280,33198,35060,35770,40100,40100
TARGET 60600606 profile=181,724,1843,8868,17731,19027,20324,20509,22914,26801,26801,26801,26801,30405,30456,32280,33740,35778,36369,36450
TARGET 60600660 profile=1813,1843,3096,11036,11036,11036,11987,17746,18549,20467,20554,23586,25056,26435,29530,30360,30360,34586,38169,40100
TARGET 60600666 profile=907,936,1900,6783,6921,7010,12109,18203,18549,20544,20544,20544,23643,27286,29737,32029,34584,34584,34584,38780
TARGET 60606000 profile=1812,7027,8809,10967,10967,10967,14628,18544,18646,19027,20487,20554,20562,23041,30395,35325,38899,39702,39702,39702
TARGET 60606006 profile=733,884,1900,7688,8826,14569,17835,19669,22915,24555,25200,26799,26799,26799,30406,31987,32136,34662,35325,40178
TARGET 60606060 profile=204,480,6835,6835,14404,18347,20130,20314,20467,26795,26795,26795,29530,30393,32139,33201,33202,34186,35404,39626
TARGET 60606066 profile=180,192,722,1004,2002,5962,7680,11001,17861,17861,18347,19168,23842,26440,29545,29545,29746,31987,36676,38780
TARGET 60606600 profile=200,949,1882,3002,3005,6832,6832,6832,8826,12284,12840,19027,25058,25058,26987,27286,30393,31987,36349,39697
TARGET 60606606 profile=884,1882,6780,6784,7027,8809,14628,18201,19027,19873,20324,23529,23586,26799,30361,32136,34657,35785,35785,35785
TARGET 60606660 profile=1882,2952,3001,6790,6790,6790,9012,12229,12848,14564,14628,18645,18698,23376,24558,29130,30361,30393,33153,35770
TARGET 60606666 profile=721,1813,2954,3042,8808,9008,14553,14568,17746,18544,19181,19181,20314,23586,26799,26799,29530,33738,34584,34584
TARGET 60660000 profile=884,1842,6994,7150,7150,7681,12154,14401,14569,17835,20060,20467,24964,26793,27312,28825,30745,32355,39696,40100
TARGET 60660006 profile=736,739,1842,7238,8644,12284,19270,19340,19627,23795,24336,26793,26793,26793,32280,32370,34662,36310,38221,38236
TARGET 60660060 profile=1842,10955,10966,12154,14569,17746,18640,20467,22777,26805,30745,30745,30745,30745,32130,32355,33610,35281,35315,38171
TARGET 60660066 profile=722,722,722,1813,2917,7528,7692,12183,17848,18640,19397,27273,27276,27280,32029,32049,34584,34656,38171,38780
TARGET 60660600 profile=1812,1882,3004,3004,8641,11086,12284,14760,19891,19891,19891,24558,26241,27280,32029,32280,33840,36307,36450,36456
TARGET 60660606 profile=936,1326,2116,2917,2953,6784,11025,14568,17861,17861,18203,23823,24456,26793,26793,30406,32280,32352,38238,38682
TARGET 60660660 profile=874,906,2917,3096,6784,6835,11075,11830,12170,19901,19901,26446,27240,29146,29746,30360,30402,33198,36459,38169
TARGET 60660666 profile=181,720,944,2917,6811,7688,11026,12109,14401,14568,18203,18802,19813,23618,23618,23618,23618,26985,29746,30400
TARGET 60666000 profile=724,725,725,1842,7681,11829,18201,19627,19900,24306,24491,24558,26241,27276,30746,31987,32051,36307,40206,40206
TARGET 60666006 profile=722,1004,7069,7681,10960,10960,17835,17893,19027,24541,25178,25320,25320,26985,30562,32136,34186,34656,35315,39106
TARGET 60666060 profile=158,1842,3042,8793,10966,10966,10966,10966,17851,19024,20467,20487,23682,23838,27096,30126,33883,35596,36672,39696
TARGET 60666066 profile=192,204,1842,5919,6835,10960,10960,11826,17731,19269,20450,23646,23841,23842,27242,32049,34662,34662,36456,39096
TARGET 60666600 profile=1,884,948,3000,6832,6832,6832,7010,12848,14400,18345,19027,19516,25100,25100,25100,26436,29154,32316,33874
TARGET 60666606 profile=936,1320,7232,7688,17861,17875,18550,25002,26472,26793,26793,26793,30361,31987,32051,32140,35313,35400,35596,35762
TARGET 60666660 profile=7147,7632,8640,10955,11875,12274,19024,20314,20463,23738,24556,26795,26795,26795,30562,30762,34586,35313,35320,35596
TARGET 60666666 profile=720,1813,1882,6794,6921,10960,10960,17731,17893,23586,23616,24555,24558,26436,26985,27280,30393,30400,35401,39626
TARGET 66000000 profile=196,949,3004,6046,12568,14565,14568,18347,19672,19962,26436,32110,33192,33192,33192,35339,38171,38221,39697,39697
TARGET 66000006 profile=16,1327,1882,7004,7531,8809,12568,18203,19270,19338,26472,27240,30419,30722,32110,36675,36690,38232,38232,38232
TARGET 66000060 profile=22,26,7043,14569,18696,20058,20117,20521,20521,20521,22786,26446,27286,30400,32049,32104,34177,35322,36427,36676
TARGET 66000066 profile=2002,2883,2883,5996,7527,8646,9000,12568,12568,14768,18604,19338,20528,29544,33183,34194,35058,36424,36636,36676
TARGET 66000600 profile=1004,2885,2885,2885,6045,8818,14768,19072,19669,19965,20116,20324,23520,28826,29130,29146,34562,35337,36427,36675
TARGET 66000606 profile=2116,6995,7232,14406,14577,19340,19516,20520,20520,20520,23002,26081,26081,30402,32352,32355,33183,34562,39114,39481
TARGET 66000660 profile=18,486,907,2917,6046,6923,7010,12164,14768,20117,20521,22768,22786,29146,30121,30121,30121,32049,36675,38232
TARGET 66000666 profile=24,1843,2002,8868,9000,12544,14577,18696,19397,19669,20528,20532,24552,26081,26081,29401,29746,30417,32282,38169
TARGET 66006000 profile=29,1004,1812,6995,9012,12274,14404,14628,17980,19269,19516,23035,24491,26079,26099,30247,33202,39114,40098,40201
TARGET 66006006 profile=193,3043,7238,8809,8826,9008,12595,14564,14760,19298,19416,19416,22933,24960,26097,26402,27240,33155,33738,33738
TARGET 66006060 profile=994,7010,7510,11878,11987,12164,12848,20487,23640,23643,26087,30722,30722,30722,30722,32104,35325,35326,36636,36675
TARGET 66006066 profile=204,486,3043,6039,7010,7232,11037,12064,12848,19266,22786,23640,23793,24552,26241,32049,34657,34657,34657,36675
TARGET 66006600 profile=28,28,7010,7232,8826,9008,12229,12595,18544,19027,19516,19962,20314,23376,24552,28824,36676,39106,39481,39481
TARGET 66006606 profile=180,949,2886,7004,7027,7232,7632,12578,12591,12592,18201,18576,20458,30458,32282,33738,33738,33738,38881,39106
TARGET 66006660 profile=25,25,25,1900,6921,7232,8826,12549,12852,19669,20016,20116,26075,27275,30121,33153,33183,33666,33740,35779
TARGET 66006666 profile=24,2916,5996,8826,9008,9012,12274,12549,18576,18576,18576,19966,20463,24552,24552,26439,29544,32136,32282,33202
TARGET 66060000 profile=278,948,2917,2953,6033,8809,12187,12187,14569,14768,20136,23002,23823,26099,33840,36427,36460,38171,40176,40207
TARGET 66060006 profile=19,1813,1842,7004,7524,8809,12571,12571,12571,12571,19813,26352,26401,29406,34177,35136,36371,36460,38171,38882
TARGET 66060060 profile=486,1327,1900,6993,7238,14761,20314,22890,23021,23823,26085,26085,26085,26085,30754,34177,36602,38221,38778,39602
TARGET 66060066 profile=2886,3042,5972,5986,7232,7688,8644,12568,12568,19266,20450,22815,29544,29746,32029,34441,34441,36456,38171,38235
TARGET 66060600 profile=18,18,1842,2887,8868,11079,12595,12595,19624,19965,20116,20463,20528,28802,29136,32352,35779,36427,38682,39090
TARGET 66060606 profile=196,936,1813,1882,7500,7531,12170,12284,19882,23795,26097,26097,26097,29154,32282,34562,34656,36459,38232,38736
TARGET 66060660 profile=181,272,2953,5986,5986,6794,7232,12550,12550,12550,20058,27280,29737,29746,30400,33609,35286,38221,38235,38780
TARGET 66060666 profile=24,24,24,24,1882,6923,12571,18645,19069,19298,19396,23586,23832,26401,27279,27280,36456,36460,38221,38236
TARGET 66066000 profile=29,1004,6814,7238,8809,11875,18345,19900,22993,24491,25176,25363,26099,26099,30720,30763,32140,32282,35596,36456
TARGET 66066006 profile=27,27,5963,7692,8647,14586,17848,18544,19024,19965,20487,22901,23832,24964,26440,30406,35762,35762,35762,36307
TARGET 66066060 profile=5,3096,7238,8826,10966,12274,19296,19627,20198,20314,22786,23736,24306,26099,26099,30562,32104,35322,39697,39697
TARGET 66066066 profile=7527,7680,8646,9012,11848,11848,11848,14555,20450,20487,22777,23823,26241,30720,34663,35320,35762,35762,35762,36636
TARGET 66066600 profile=152,2116,5925,5925,5925,8818,12595,12595,18698,20554,23823,24489,24541,25206,30720,30763,32316,38235,39090,39097
TARGET 66066606 profile=180,272,7681,8809,11851,11851,14577,19624,20458,20463,24541,26097,26097,26439,30419,34562,35166,35760,38235,39480
TARGET 66066660 profile=745,2881,2886,6783,12595,12595,18347,19516,20467,22794,23682,26352,27279,30240,30240,32130,32316,35320,36460,38221
TARGET 66066666 profile=272,3005,3096,6921,6994,7232,7680,8826,11824,11824,11824,20509,22786,23841,29401,32107,34441,35762,35762,36459
TARGET 66600000 profile=1812,8809,9001,11858,14401,14564,17994,19069,20116,23010,25205,25205,25205,26805,30754,33738,34186,36459,36600,38171
TARGET 66600006 profile=484,2002,5972,5972,5972,7004,7020,12848,19396,19960,20554,24306,24456,25327,29400,30395,30562,35761,38171,39106
TARGET 66600060 profile=2,907,1813,14628,17754,19627,20198,20487,23035,26087,26087,26087,26087,30762,32049,32130,35325,35376,36600,38778
TARGET 66600066 profile=12,192,1900,2002,6804,7023,7680,11824,11858,14586,18203,19296,26801,27312,30754,35058,35058,36600,38232,40098
TARGET 66600600 profile=4,1813,1882,3006,3043,8644,8794,12184,12184,14628,19965,19966,23376,24489,26241,30240,36304,40098,40098,40098
TARGET 66600606 profile=1882,2882,2882,2882,7503,7681,8644,12912,14628,14760,14768,17971,19396,19396,19396,19965,26435,28842,34560,36450
TARGET 66600660 profile=181,192,1882,7189,11829,11985,12170,18347,18645,20521,20521,20521,23529,26446,29137,33738,36349,39600,39600,39600
TARGET 66600666 profile=1813,1843,2952,5972,5972,5972,6923,17728,18645,20463,20528,23682,24338,27275,28834,33153,35058,35280,35280,39602
TARGET 66606000 profile=13,22,1812,7238,12284,14404,19027,19966,20058,24491,25058,26075,26075,26075,31990,33183,33202,36600,36690,39696
TARGET 66606006 profile=158,1812,6994,8641,8809,12070,12070,12154,12841,17953,19338,20463,24250,26075,26472,29521,34662,35058,35761,36675
TARGET 66606060 profile=192,486,2002,3043,3097,5961,8808,11830,17980,17980,18347,24541,25178,26075,26075,33192,33666,35326,36600,36672
TARGET 66606066 profile=1842,1900,2882,2882,6040,7238,9000,14401,19170,19170,19170,23832,26440,26985,31987,32130,32136,36349,36600,38904
TARGET 66606600 profile=4,4,4,1843,3043,7023,12592,12852,17962,18544,20116,26433,26436,26440,33155,33738,36349,36369,39600,39702
TARGET 66606606 profile=1812,5913,5920,6994,8809,17728,18544,20463,22755,26079,30361,30395,33155,35761,35761,35761,35761,36450,36675,38644
TARGET 66606660 profile=1,200,907,3043,5962,7189,8641,8808,11875,12848,18347,19095,19516,23736,23736,23736,23736,26241,29146,35320
TARGET 66606666 profile=152,180,2952,3043,6033,6784,7010,11830,11851,19180,19180,26400,27286,29146,29746,32139,33153,35280,35322,38232
TARGET 66660000 profile=19,158,1882,8809,12848,14586,17953,19069,23034,23841,25321,26085,26085,26085,30405,35136,35326,36307,36456,39696
TARGET 66660006 profile=1842,5921,5921,5921,8868,12187,14569,18550,18640,19627,20509,20528,20532,23064,30405,33883,34656,34656,34656,35315
TARGET 66660060 profile=158,1900,8868,11826,11830,12187,14569,18345,19155,19627,20198,23643,23682,26085,30721,30721,30721,35281,36456,39703
TARGET 66660066 profile=205,944,1900,2883,2884,7238,7680,11848,11848,11848,14586,19627,24336,24336,26243,26446,32029,34663,35313,36307
TARGET 66660600 profile=4,278,906,936,2116,5985,11026,12840,17980,17980,18203,19882,24556,27280,28801,28801,29146,32356,33738,36307
TARGET 66660606 profile=948,1320,8644,11851,11851,18203,19411,20192,20463,26073,26073,26073,28834,30244,34562,35313,36459,38235,38236,39106
TARGET 66660660 profile=0,1843,2916,3098,8793,8808,14568,14768,17728,18640,19900,19900,20192,23682,26085,26085,28834,38780,39600,39600
TARGET 66660666 profile=1900,2880,3096,7069,7688,8804,8868,11824,11824,11824,14772,18549,18576,23232,23832,29730,30754,35281,35313,38169
TARGET 66666000 profile=4,278,5926,5926,12229,12841,17775,17953,19627,23823,24456,25201,25201,26241,30395,34186,35596,36456,39106,39702
TARGET 66666006 profile=2,3,3,1812,6783,12841,18345,19027,19181,23795,23832,25002,26436,26985,31987,35160,35160,35762,36307,36371
TARGET 66666060 profile=192,480,12274,12848,17980,17994,18646,24306,26075,26075,26075,27312,30240,30393,30562,30746,35281,36307,36371,36460
TARGET 66666066 profile=158,204,720,2881,7688,8640,11848,11848,11848,12170,18201,18802,19627,24378,24378,24378,27276,29754,36636,38890
TARGET 66666600 profile=936,948,1812,5926,5926,6780,10965,11851,17754,19965,20458,23520,24555,24556,26402,32136,34176,36369,39696,39696
TARGET 66666606 profile=884,1812,2916,5920,5920,5920,5920,14553,17970,19624,20463,20509,23586,24552,26352,29400,30562,32352,34662,38899
TARGET 66666660 profile=1,1843,1900,5926,5926,11858,11985,17754,17775,23682,23738,23832,23841,26241,26440,27276,30241,34562,35313,35320
TARGET 66666666 profile=5913,6811,7232,12067,12696,14400,19624,20192,20467,23616,23842,26073,26073,26073,30393,30400,30562,35596,35778,39602
