G8_CORNERS degree=2 profile_size=8
TARGET 00000000 profile=9062,12599,18203,23074,30365,35322,35786,40178
TARGET 00000002 profile=192,1327,8446,19946,22915,26807,32051,35138
TARGET 00000020 profile=5066,8278,14404,20467,23035,26878,32032,33883
TARGET 00000022 profile=744,9072,14569,18203,19298,20155,32116,35713
TARGET 00000200 profile=940,7170,14832,18520,23568,25418,32107,36675
TARGET 00000202 profile=7072,7681,12588,19955,20582,27241,28846,34586
TARGET 00000220 profile=3726,7552,12165,14456,18347,20619,28825,34536
TARGET 00000222 profile=7043,8944,20016,20310,23074,28843,32316,36780
TARGET 00002000 profile=3755,11002,12989,23034,27096,28826,36430,36675
TARGET 00002002 profile=948,3237,7524,8826,11003,22888,33816,38909
TARGET 00002020 profile=1829,6838,7249,12588,19171,32257,33880,36636
TARGET 00002022 profile=1953,9064,11013,12846,22885,29754,33866,35760
TARGET 00002200 profile=11075,15200,19031,23041,33155,35320,39160,39487
TARGET 00002202 profile=13,7504,16763,22383,27312,31715,39114,39487
TARGET 00002220 profile=3726,7027,11986,12274,19672,24963,27330,28827
TARGET 00002222 profile=272,1669,10999,12549,17953,29407,31486,33698
TARGET 00020000 profile=898,7232,11037,14832,19418,24290,36472,39697
TARGET 00020002 profile=5973,7232,7559,15344,24458,29546,30406,34195
TARGET 00020020 profile=6035,8713,14569,17953,29546,30520,33648,38635
TARGET 00020022 profile=7238,11508,17848,19298,23052,28834,35287,37281
TARGET 00020200 profile=12282,19150,23021,25324,26446,28825,36010,36424
TARGET 00020202 profile=948,1326,6814,12288,18546,28966,33595,38394
TARGET 00020220 profile=994,7193,8868,17715,19820,27280,28802,29546
TARGET 00020222 profile=1326,10985,19714,20450,22770,33866,34176,38668
TARGET 00022000 profile=738,7286,11987,12903,17994,24491,34082,35167
TARGET 00022002 profile=1327,3000,7558,11013,24114,24541,29115,32982
TARGET 00022020 profile=749,6290,12548,18190,18490,25178,34176,38171
TARGET 00022022 profile=204,6838,13113,22755,24249,34186,35300,36776
TARGET 00022200 profile=10084,12203,22777,26193,30367,33881,36369,38858
TARGET 00022202 profile=9121,11080,14568,17730,17954,25256,32061,39487
TARGET 00022220 profile=3097,7528,12550,19624,25706,26830,31715,38170
TARGET 00022222 profile=15,8826,14406,17743,22757,23535,26817,40206
TARGET 00200000 profile=3875,7020,11025,12270,19669,27240,40201,40298
TARGET 00200002 profile=7020,7680,12112,14460,18549,20201,38908,40208
TARGET 00200020 profile=200,3012,12539,19054,25366,36310,36636,38858
TARGET 00200022 profile=9000,14574,19171,19630,25227,27096,34081,34593
TARGET 00200200 profile=29,1843,6833,12180,27905,29754,30378,35138
TARGET 00200202 profile=724,9042,19220,19872,23529,26801,32352,39010
TARGET 00200220 profile=731,8828,17193,20131,20489,23041,29136,29736
TARGET 00200222 profile=1900,7632,14402,17149,19155,23646,26497,31845
TARGET 00202000 profile=6047,9007,11868,19155,23646,29047,36046,39702
TARGET 00202002 profile=6838,11339,19269,23040,24495,30466,31713,38905
TARGET 00202020 profile=7024,11137,12930,18645,19095,25325,33873,35346
TARGET 00202022 profile=4447,9008,12112,14405,17731,23668,26241,33870
TARGET 00202200 profile=22,12919,17725,20018,24533,26799,29754,30361
TARGET 00202202 profile=792,1326,2916,9946,12070,17729,19966,24458
TARGET 00202220 profile=721,6921,14628,17755,23160,25853,31990,39703
TARGET 00202222 profile=11675,18544,23048,26798,30395,34446,35391,36360
TARGET 00220000 profile=8668,11037,17994,23838,27276,29115,35401,37923
TARGET 00220002 profile=5921,8401,19069,19411,23793,26812,35315,38907
TARGET 00220020 profile=2487,3004,7041,11987,12155,23056,38857,39624
TARGET 00220022 profile=196,6039,18345,19171,23122,30745,36456,39128
TARGET 00220200 profile=14580,14586,17953,18481,20002,30360,30744,38688
TARGET 00220202 profile=508,3024,14553,19882,20163,22768,34498,39486
TARGET 00220220 profile=6832,9367,12153,18673,23082,29136,30562,32052
TARGET 00220222 profile=937,6784,18551,22368,29544,31684,32130,39090
TARGET 00222000 profile=5,739,11828,18182,19264,25058,34663,36691
TARGET 00222002 profile=720,763,6811,19955,19999,24249,32154,34176
TARGET 00222020 profile=2881,7744,11687,12696,19155,30400,35326,38750
TARGET 00222022 profile=481,842,7174,12568,17775,24348,27280,39010
TARGET 00222200 profile=721,7517,12207,14628,17953,24977,28800,34176
TARGET 00222202 profile=1320,5913,6814,12848,23002,25738,34368,34662
TARGET 00222220 profile=884,6910,14411,18201,19155,23738,33841,36888
TARGET 00222222 profile=152,6633,8808,12201,17655,24338,35791,40210
TARGET 02000000 profile=487,936,13606,19250,23034,26081,36371,40176
TARGET 02000002 profile=7535,14822,18347,23048,30402,30722,35136,35285
TARGET 02000020 profile=7524,12232,12841,19259,20586,26401,29542,39602
TARGET 02000022 profile=196,9072,12090,18664,23664,25274,32355,36427
TARGET 02000200 profile=25,8809,14832,18347,19434,20016,30679,36436
TARGET 02000202 profile=8644,10108,13294,20463,22914,26134,36352,38899
TARGET 02000220 profile=12203,14704,19298,20191,23048,29539,31020,36636
TARGET 02000222 profile=4326,7005,8696,12568,18203,20601,29521,39578
TARGET 02002000 profile=11037,12274,12575,15200,25176,28802,35326,39115
TARGET 02002002 profile=176,5973,9072,12274,20136,24986,32152,34663
TARGET 02002020 profile=204,486,7249,11878,18642,29806,33474,38634
TARGET 02002022 profile=7236,19846,22900,25202,27286,29521,31690,32104
TARGET 02002200 profile=6348,12284,17962,20016,23082,29530,30367,31521
TARGET 02002202 profile=8809,11073,14473,17835,28802,33594,35536,38664
TARGET 02002220 profile=486,5951,18874,20458,22795,33652,38882,39096
TARGET 02002222 profile=272,12113,14628,17737,19098,26440,28802,29546
TARGET 02020000 profile=204,3211,5987,12588,14586,23002,33845,38858
TARGET 02020002 profile=4355,5986,7947,22915,26352,29522,32110,32355
TARGET 02020020 profile=739,12550,16067,22387,26472,34194,34441,36035
TARGET 02020022 profile=6033,15344,19631,23064,30400,34000,34441,38171
TARGET 02020200 profile=2049,5997,7686,14824,22999,29154,30744,38882
TARGET 02020202 profile=1803,7524,11854,12288,19890,32316,36577,38896
TARGET 02020220 profile=994,1525,5983,7503,17835,30121,37246,38736
TARGET 02020222 profile=4326,6922,7232,12187,19072,24249,26490,29523
TARGET 02022000 profile=487,2881,5997,12574,23823,24714,29715,38028
TARGET 02022002 profile=12,6923,7743,12350,17875,23795,39002,40201
TARGET 02022020 profile=6046,8808,14881,17755,17832,25378,34441,36381
TARGET 02022022 profile=5042,7043,22755,26915,32049,33816,35287,38897
TARGET 02022200 profile=948,8075,11854,22777,24963,30380,31016,39106
TARGET 02022202 profile=27,7502,11450,18304,18604,24456,33155,39096
TARGET 02022220 profile=741,8646,14586,17725,22780,23653,26099,35160
TARGET 02022222 profile=2953,7504,12592,19024,25802,26104,33154,36035
TARGET 02200000 profile=7192,8700,12180,12840,18645,20327,33844,35162
TARGET 02200002 profile=4571,5961,7231,12180,19069,26400,35167,35256
TARGET 02200020 profile=2,14802,19154,19938,23643,26087,34090,36672
TARGET 02200022 profile=747,1813,7020,11849,28001,29154,35298,40176
TARGET 02200200 profile=8814,14760,19030,19890,25349,26352,39001,39609
TARGET 02200202 profile=944,2898,7497,19654,25240,31990,32316,33816
TARGET 02200220 profile=1882,8642,12696,16549,19873,23520,27337,36165
TARGET 02200222 profile=9,14588,16353,19410,20512,23064,29136,29736
TARGET 02202000 profile=10967,13561,19669,20130,24489,26090,30395,33843
TARGET 02202002 profile=5973,14428,17875,24552,26436,29715,30241,32889
TARGET 02202020 profile=1348,2905,8793,19168,20285,22786,34440,39514
TARGET 02202022 profile=8820,8826,17835,18607,19288,33624,35280,35760
TARGET 02202200 profile=940,11085,18201,19890,23140,32136,33968,35761
TARGET 02202202 profile=2509,2882,6923,6995,12201,23086,33819,34560
TARGET 02202220 profile=193,11830,18647,22375,28800,34170,36004,36450
TARGET 02202222 profile=6993,11848,13687,18555,23052,29736,35596,36372
TARGET 02220000 profile=6419,11854,19965,23065,23799,33841,35386,36033
TARGET 02220002 profile=6804,11081,14767,19873,23520,29647,31726,34656
TARGET 02220020 profile=96,486,3042,7150,14266,17747,19270,25176
TARGET 02220022 profile=736,7759,17743,19296,23819,26085,29154,35281
TARGET 02220200 profile=3607,7192,8645,14768,17754,23572,26985,38886
TARGET 02220202 profile=6073,7770,12184,18549,19813,25203,30426,38889
TARGET 02220220 profile=6633,18640,23074,26084,30471,32040,35315,39480
TARGET 02220222 profile=0,8868,11985,17730,23281,25739,34657,36310
TARGET 02222000 profile=1,37,11875,19259,19285,24963,36474,39096
TARGET 02222002 profile=13,723,6782,18308,19960,24336,32371,39697
TARGET 02222020 profile=480,7688,10955,11878,22888,25852,39384,39696
TARGET 02222022 profile=0,7047,8868,12581,17835,24256,29544,39096
TARGET 02222200 profile=124,1321,7552,12094,17893,25062,26440,34090
TARGET 02222202 profile=3000,6641,7632,12904,19873,30406,33704,35320
TARGET 02222220 profile=874,7041,11675,14568,17659,25056,30727,35164
TARGET 02222222 profile=158,8651,11944,18345,19873,23616,31128,38905
TARGET 20000000 profile=11459,18546,20458,21221,30406,33192,35785,36640
TARGET 20000002 profile=764,1904,8818,12109,19411,26472,34177,36371
TARGET 20000020 profile=192,907,12571,22511,27276,33865,36685,40100
TARGET 20000022 profile=852,6923,11079,12274,19337,30763,39076,40099
TARGET 20000200 profile=3002,7004,8402,12170,20325,30127,36675,38638
TARGET 20000202 profile=936,3727,6931,14768,26241,33183,35058,39159
TARGET 20000220 profile=296,7189,11044,14749,18646,27313,29407,30417
TARGET 20000222 profile=299,994,2952,14578,18281,19411,29496,32316
TARGET 20002000 profile=1872,11087,12841,17026,19103,25274,36676,38780
TARGET 20002002 profile=737,9008,11080,12595,17389,29407,33667,39010
TARGET 20002020 profile=275,7192,12848,14104,19657,20562,30744,34186
TARGET 20002022 profile=6246,7232,12577,13119,17775,34447,35596,40178
TARGET 20002200 profile=7010,8647,12578,15002,24966,28005,28566,35612
TARGET 20002202 profile=724,8818,18490,26079,27312,30671,33729,36375
TARGET 20002220 profile=907,6795,20455,23350,26439,32154,36040,39626
TARGET 20002222 profile=7232,9156,17173,17730,20562,26799,34599,39626
TARGET 20020000 profile=7681,14768,14807,18698,19340,20521,34080,36371
TARGET 20020002 profile=856,7524,12571,19993,27280,30744,34826,38235
TARGET 20020020 profile=167,2917,12546,14628,19242,23841,27279,38766
TARGET 20020022 profile=1327,6081,7189,20487,26224,29154,30754,36776
TARGET 20020200 profile=1326,6833,9735,11985,19814,30419,30722,34194
TARGET 20020202 profile=12243,14570,18640,19340,23526,26135,30395,35337
TARGET 20020220 profile=745,7232,14810,19381,26985,30126,33852,38379
TARGET 20020222 profile=3222,7232,7680,14690,19298,23193,32352,39487
TARGET 20022000 profile=2825,7147,10967,24491,25206,27286,30442,32107
TARGET 20022002 profile=1800,7528,14568,22901,24114,25325,32093,36618
TARGET 20022020 profile=1900,7633,11086,20116,24185,27096,30746,35401
TARGET 20022022 profile=746,747,7238,18351,22794,29745,33460,34664
TARGET 20022200 profile=884,6833,12595,20598,26340,27286,34586,35542
TARGET 20022202 profile=273,1326,6921,11871,20441,24381,26435,39703
TARGET 20022220 profile=1812,3098,11025,11292,23021,23736,32104,36369
TARGET 20022222 profile=2881,7504,12240,15642,22901,27282,29730,32139
TARGET 20200000 profile=2132,5997,17474,19147,27280,33866,35376,38238
TARGET 20200002 profile=158,3002,11458,19396,23646,30402,32759,39106
TARGET 20200020 profile=122,8760,14761,19532,20117,24249,26634,27275
TARGET 20200022 profile=180,3042,9276,11027,17104,18637,33202,34652
TARGET 20200200 profile=4,1669,12174,20117,26506,30744,33666,36424
TARGET 20200202 profile=949,3002,5313,8864,17149,18550,25058,36474
TARGET 20200220 profile=1903,7147,14553,18550,20335,30960,33666,35779
TARGET 20200222 profile=2883,9009,14400,19269,23682,27847,31987,38184
TARGET 20202000 profile=7027,7692,12900,19264,20444,25205,39702,39864
TARGET 20202002 profile=193,7027,14714,26985,33183,33740,33864,36168
TARGET 20202020 profile=5,7023,12164,12848,18620,30043,30744,33212
TARGET 20202022 profile=852,17728,25274,26805,30519,33738,36371,36884
TARGET 20202200 profile=724,3012,9193,12592,18549,20117,24555,36624
TARGET 20202202 profile=2775,2953,11003,18279,18549,20324,24380,39600
TARGET 20202220 profile=200,724,12706,15580,18549,25098,26799,40088
TARGET 20202222 profile=434,1083,6790,12741,18549,19168,24558,36600
TARGET 20220000 profile=742,2956,6041,12154,17981,23823,30188,38889
TARGET 20220002 profile=5906,7692,11010,18544,30526,38221,38858,38904
TARGET 20220020 profile=722,7514,14586,18550,20117,24587,25204,29742
TARGET 20220022 profile=735,10960,17746,18648,23842,30721,32355,36435
TARGET 20220200 profile=944,7701,11874,25321,26278,29146,32029,35337
TARGET 20220202 profile=738,2036,11858,19627,21180,22180,26446,29406
TARGET 20220220 profile=871,17728,20591,26435,27279,30364,35285,36459
TARGET 20220222 profile=730,1656,8794,18591,23193,24338,30762,38221
TARGET 20222000 profile=749,1321,12178,20489,25097,26247,26433,39480
TARGET 20222002 profile=940,11080,17369,24363,26362,26805,30395,38890
TARGET 20222020 profile=153,7001,11140,11875,20562,22786,33874,39702
TARGET 20222022 profile=278,3159,6808,11858,14721,24338,30745,36636
TARGET 20222200 profile=1004,3097,6832,7752,19901,29130,31234,36756
TARGET 20222202 profile=3006,8640,9946,12912,17337,17861,19960,32280
TARGET 20222220 profile=4,17361,17515,20467,26817,27286,30126,32280
TARGET 20222222 profile=1560,3007,4801,6921,17729,24338,32029,36456
TARGET 22000000 profile=38,1874,7189,14578,20130,27312,32051,39097
TARGET 22000002 profile=6299,18642,20450,21917,30721,32320,35326,38238
TARGET 22000020 profile=192,4327,9008,11995,26985,33999,38221,40100
TARGET 22000022 profile=2884,7010,12164,13562,20199,29401,32355,33596
TARGET 22000200 profile=138,6045,7232,11987,20056,34156,35061,35779
TARGET 22000202 profile=181,936,7555,22625,26436,32365,35058,38881
TARGET 22000220 profile=272,1017,3096,8818,18167,20130,30218,36636
TARGET 22000222 profile=1018,6002,8989,12109,18550,26473,30121,35337
TARGET 22002000 profile=142,7555,12588,19275,26440,33201,35760,39746
TARGET 22002002 profile=9008,9047,12841,18576,20058,20544,32051,39000
TARGET 22002020 profile=7205,8810,18544,20058,23640,26879,30417,35315
TARGET 22002022 profile=486,6921,11849,14055,19092,35339,35786,39114
TARGET 22002200 profile=487,11145,12109,20509,26950,29754,31016,35770
TARGET 22002202 profile=881,3043,7500,8868,19986,24555,26439,33720
TARGET 22002220 profile=3192,8930,12274,12840,20016,23315,34441,36672
TARGET 22002222 profile=24,9050,12274,20077,26241,29400,33459,38916
TARGET 22020000 profile=23,6046,7531,14768,17367,30121,34090,38683
TARGET 22020002 profile=1902,6041,7681,16282,19822,25418,32356,33738
TARGET 22020020 profile=2,14578,18604,26472,26805,32055,35710,38763
TARGET 22020022 profile=7514,9242,12170,14407,24240,27909,28680,30570
TARGET 22020200 profile=7513,8085,11406,12274,17893,30562,35136,39481
TARGET 22020202 profile=993,7688,9784,12112,19057,20532,35760,39106
TARGET 22020220 profile=12274,14916,16333,17755,20532,26085,34562,39615
TARGET 22020222 profile=181,11859,20448,23224,27279,31720,34562,36474
TARGET 22022000 profile=1825,8808,12592,23020,24714,25203,32298,36413
TARGET 22022002 profile=2704,5921,12067,23795,25327,26446,35362,36427
TARGET 22022020 profile=486,995,6807,11985,20423,25099,27275,34657
TARGET 22022022 profile=158,7531,11849,20616,26446,27066,30526,39602
TARGET 22022200 profile=28,29,12284,18207,22771,29145,38380,39698
TARGET 22022202 profile=1882,6040,12697,19397,24881,26352,30241,35762
TARGET 22022220 profile=3000,7201,12550,15738,23020,26442,29130,36459
TARGET 22022222 profile=1842,2954,5961,6372,22900,23618,32049,36424
TARGET 22200000 profile=884,2884,6298,20117,23520,34186,35322,37679
TARGET 22200002 profile=2010,11013,17618,19843,26440,30456,33192,38882
TARGET 22200020 profile=205,2884,10355,14624,16549,18646,24336,32154
TARGET 22200022 profile=722,1525,7014,19396,27346,32104,35760,38682
TARGET 22200200 profile=906,2916,5963,15036,16504,18541,38236,39690
TARGET 22200202 profile=844,9001,14520,18810,19396,24963,26435,27234
TARGET 22200220 profile=3005,8640,14769,19965,23586,27961,33120,36307
TARGET 22200222 profile=1873,8793,12067,18646,20214,30763,36720,38682
TARGET 22202000 profile=5994,10948,12852,18640,33183,33816,33840,35542
TARGET 22202002 profile=16,3100,6994,11087,17860,24541,29444,33873
TARGET 22202020 profile=12,2154,6794,19027,21580,21906,27286,30120
TARGET 22202022 profile=200,6810,12861,25200,26974,29746,30417,36349
TARGET 22202200 profile=21,5926,17728,18504,24556,32115,35785,36675
TARGET 22202202 profile=4,8826,12578,18646,19396,23861,25322,29142
TARGET 22202220 profile=8,1512,14554,18705,23315,25056,33183,35778
TARGET 22202222 profile=150,17746,20584,26439,27275,30365,32139,35284
TARGET 22220000 profile=937,8954,12187,26241,31848,38221,38778,38880
TARGET 22220002 profile=7740,12187,12852,19960,20414,25323,34656,34704
TARGET 22220020 profile=2679,3097,5987,18165,18645,20198,25098,34584
TARGET 22220022 profile=2,2898,7528,14953,18645,19396,23841,32304
TARGET 22220200 profile=138,17746,25418,26079,31124,32051,35535,38780
TARGET 22220202 profile=723,7004,7688,12183,18498,29347,35760,38250
TARGET 22220220 profile=365,1178,7821,11824,18645,19882,23832,32280
TARGET 22220222 profile=2,944,7642,15562,18645,24380,26085,35042
TARGET 22222000 profile=196,6046,17392,25089,26079,27106,33874,35315
TARGET 22222002 profile=27,481,7018,20512,24376,26991,27273,34446
TARGET 22222020 profile=2887,7752,14266,14400,17333,17980,19264,36600
TARGET 22222022 profile=278,2953,11848,12912,19180,29730,30996,36994
TARGET 22222200 profile=1004,3141,6794,8961,11872,25056,32316,35761
TARGET 22222202 profile=875,6076,6811,12161,20532,22768,34656,38890
TARGET 22222220 profile=1441,2886,4105,11985,17747,25056,32136,36349
TARGET 22222222 profile=722,17379,17611,20463,26099,26446,29400,36600
