G8_CORNERS degree=4 profile_size=14
TARGET 00000000 profile=940,1004,5997,7198,11045,22888,22901,25418,26446,29530,32032,33606,36675,39487
TARGET 00000004 profile=1326,7030,7079,7534,12109,12591,25237,25326,27276,32355,33183,33874,35378,40178
TARGET 00000040 profile=745,3098,7688,11037,11757,19266,19312,20130,23065,29539,29754,30419,32130,36371
TARGET 00000044 profile=8868,11013,12549,19269,19298,19418,20282,20467,25203,25418,32130,33606,35344,36675
TARGET 00000400 profile=1326,2130,6922,7069,11085,12848,20018,23065,25327,29754,32032,32370,33609,36675
TARGET 00000404 profile=1882,6033,12578,16432,19418,19965,23064,26412,27286,30364,30458,32136,38643,38646
TARGET 00000440 profile=1900,7005,11073,11927,20458,23036,23376,25363,28825,29539,32352,33198,36424,39626
TARGET 00000444 profile=6923,7504,11012,12546,19411,20466,24963,25363,26446,29143,30458,33153,33865,35406
TARGET 00004000 profile=1324,5244,7192,9114,11087,19024,20136,20324,20458,25178,26436,27242,32107,39487
TARGET 00004004 profile=733,7688,11003,11013,20324,22795,22916,25236,27018,32110,34177,34663,35596,36690
TARGET 00004040 profile=200,749,6045,8808,12549,20138,23643,25363,28686,31984,33182,34186,36349,40207
TARGET 00004044 profile=732,1327,7752,8817,18347,19411,22891,23643,26817,29521,30419,32051,34120,35321
TARGET 00004400 profile=2058,11037,11086,14568,18201,20018,23011,23082,24966,26402,29130,30272,33155,38899
TARGET 00004404 profile=733,949,1882,6920,6995,7504,11339,14768,23011,23074,23586,33740,35161,39097
TARGET 00004440 profile=994,2117,7238,8817,11003,14564,17755,22794,23071,27286,29130,30366,38890,39487
TARGET 00004444 profile=720,11003,12840,19298,22771,23064,26241,27286,28802,32049,33609,36057,36672,37924
TARGET 00040000 profile=748,1813,5198,8805,11027,14832,22915,23035,25418,26985,33183,36456,40201,40266
TARGET 00040004 profile=196,747,7072,12155,17874,18350,22768,23795,25326,25418,26446,35167,36636,38780
TARGET 00040040 profile=1442,7558,14407,14579,18604,19915,20487,23065,26401,26805,29730,32049,34194,39626
TARGET 00040044 profile=739,7001,7528,8868,12279,19266,19873,23529,23682,25418,26817,30562,35138,35407
TARGET 00040400 profile=7005,12201,14406,14760,17834,18698,20509,23526,26985,30367,33606,36459,38899,39002
TARGET 00040404 profile=936,7534,7681,8868,18546,19073,19411,20532,23011,26820,27312,28843,35400,38882
TARGET 00040440 profile=1842,3049,8805,11027,11075,18698,19269,20450,23571,23643,29730,30458,38640,39626
TARGET 00040444 profile=1327,7005,10953,11040,18640,20532,22768,23035,25323,29407,29522,30563,32355,36450
TARGET 00044000 profile=725,3007,7524,12284,17195,17994,19195,22888,26826,32352,33864,36602,38899,39090
TARGET 00044004 profile=948,1321,7752,10107,11080,12588,18642,19269,20198,22915,24458,26440,33818,39482
TARGET 00044040 profile=278,4440,6993,11087,12595,17995,19270,20487,24249,25321,26830,29539,29754,36602
TARGET 00044044 profile=158,3006,7510,7524,11079,11826,12203,12274,24255,24491,32355,34446,35167,35184
TARGET 00044400 profile=749,1604,6832,7632,11084,12274,19416,23035,26352,27241,29154,32139,36304,39703
TARGET 00044404 profile=180,7681,11073,11315,14768,18549,19625,22915,24380,24963,25206,25418,30419,39486
TARGET 00044440 profile=28,874,937,7500,9731,10955,19144,22777,25058,26819,29407,30562,34170,39106
TARGET 00044444 profile=744,6807,7069,11079,12912,23011,23616,23823,25362,26436,29146,30399,35406,37924
TARGET 00400000 profile=1324,2881,7192,7232,11013,11747,19024,19873,28416,30395,30562,39106,40178,40207
TARGET 00400004 profile=13,10967,11012,19269,19624,23048,26440,29832,30405,33091,33155,33882,35339,38905
TARGET 00400040 profile=1664,10959,14565,18646,19168,20198,23644,25325,26805,32049,33841,35636,36690,39626
TARGET 00400044 profile=732,736,17731,17962,19259,19630,23052,25417,26801,30562,32130,34177,36636,38161
TARGET 00400400 profile=152,949,6780,12164,18347,19072,20138,24966,25058,25325,29122,30244,36636,38644
TARGET 00400404 profile=949,7004,7632,11003,14568,18550,19414,20018,20450,23082,23232,34560,35166,38908
TARGET 00400440 profile=731,8817,14404,18347,19069,19171,20467,23065,23520,25324,30128,32316,36304,39096
TARGET 00400444 profile=184,6784,8793,12109,12696,18642,19966,20454,23530,25363,27276,30364,32280,35138
TARGET 00404000 profile=1669,5961,7632,11137,17995,19965,23376,25178,25325,30395,31987,33866,35326,36352
TARGET 00404004 profile=1004,1321,1813,7030,9194,11868,14569,19194,19195,26793,32280,33698,33864,39106
TARGET 00404040 profile=725,7020,11001,12203,12955,18698,19168,20467,23065,23682,30744,34186,35326,35376
TARGET 00404044 profile=723,7010,7024,8808,12696,14404,18549,18600,19264,24966,26472,30395,34446,38859
TARGET 00404400 profile=6832,6921,7238,10965,12848,19030,20117,20324,25363,28800,33610,36738,39096,39487
TARGET 00404404 profile=193,5962,7639,11073,12203,19195,20463,24966,25058,26400,30562,32032,35320,38905
TARGET 00404440 profile=1,190,6838,8826,11001,12852,17957,18347,22795,27241,28834,33153,33610,39096
TARGET 00404444 profile=3000,6780,8808,17731,18347,19624,22200,25322,29530,30393,31137,32355,33818,38905
TARGET 00440000 profile=278,738,3001,11435,12201,12834,17746,19965,24249,32032,33865,35326,36371,40178
TARGET 00440004 profile=723,1321,6814,11013,14569,18213,19993,22901,24306,24963,27280,28801,30405,33874
TARGET 00440040 profile=739,5997,6790,9816,12284,14802,17848,19269,22815,23643,25362,29538,33865,34446
TARGET 00440044 profile=196,937,6783,7043,11826,17851,23865,24338,25324,26801,30562,34186,35287,38682
TARGET 00440400 profile=3,480,949,11026,14553,17971,18549,19891,23823,25321,26446,36703,38643,38738
TARGET 00440404 profile=948,1813,9060,11854,12243,14832,19624,19891,23618,26401,26793,32316,35166,35313
TARGET 00440440 profile=1,1843,7238,8805,12154,12183,17715,18232,23643,29154,29544,30126,30367,38868
TARGET 00440444 profile=7632,9671,10959,11826,14568,14772,17731,18576,23823,25323,26401,30406,34446,38169
TARGET 00444000 profile=739,5927,6794,11868,14628,17851,17971,20483,24491,25362,26440,33864,39103,40206
TARGET 00444004 profile=937,6807,8641,8795,11854,17715,20483,22915,24966,25324,26824,29746,34662,35326
TARGET 00444040 profile=745,874,6838,7077,10967,17737,19024,23074,24250,26830,30400,34176,36371,39696
TARGET 00444044 profile=720,723,6804,11001,11848,19627,23035,23793,26400,27097,29530,34186,35208,38221
TARGET 00444400 profile=1326,3000,6832,7688,10085,12183,12912,17995,18549,24489,28830,29754,31990,40200
TARGET 00444404 profile=176,723,1882,6784,8826,12591,12731,19030,19624,23064,25058,27273,35166,38898
TARGET 00444440 profile=5915,6784,6995,11829,12154,20509,24545,24964,25324,25416,30127,30362,33183,34176
TARGET 00444444 profile=722,1608,6783,7504,8644,14568,17731,19965,23841,27096,29544,31990,33610,39480
TARGET 04000000 profile=486,7189,7527,12190,12239,12598,25207,25363,26436,30458,35136,36675,38221,38890
TARGET 04000004 profile=196,278,6003,11013,12118,23002,23020,25274,27286,28834,32355,34441,36352,38640
TARGET 04000040 profile=1900,7514,11075,17272,19269,20136,23041,26446,27252,33600,33609,35284,35378,36456
TARGET 04000044 profile=486,2012,6039,7688,11986,12229,19296,23040,25206,29154,32355,36352,36690,38643
TARGET 04000400 profile=5997,7503,14628,19965,20016,20136,20164,20463,25274,25325,30424,32355,36450,38640
TARGET 04000404 profile=24,2954,5973,6693,12848,19411,19962,20026,23040,28843,29154,32051,35339,36450
TARGET 04000440 profile=5996,7500,11987,12550,20130,20462,24249,25237,27286,29743,30246,35378,38169,38881
TARGET 04000444 profile=1882,6035,6881,12165,20450,22918,23232,25237,28843,29521,32104,34562,36672,38232
TARGET 04004000 profile=29,940,6995,12232,17995,18206,22786,24491,25207,25274,27286,32316,33738,40201
TARGET 04004004 profile=26,1843,5963,9072,10244,14565,22914,23034,25274,26241,32136,35167,35202,38221
TARGET 04004040 profile=192,12598,12841,14628,18642,19673,20130,20562,22890,26106,26472,29539,30240,33866
TARGET 04004044 profile=7041,8646,9000,12165,17952,18576,20487,23640,26241,32139,33883,34082,35287,38640
TARGET 04004400 profile=13,7245,12161,12592,14628,19155,19962,23586,23643,25274,26099,30247,35596,40176
TARGET 04004404 profile=1564,8647,8819,12574,18490,19194,20509,23040,26079,27241,29130,34562,36369,39114
TARGET 04004440 profile=487,5915,6001,12165,18544,20562,22786,22914,25205,28826,30121,32130,35597,36675
TARGET 04004444 profile=1812,2928,5963,6033,14565,18576,19965,20458,23529,23667,29130,33606,34562,35378
TARGET 04040000 profile=19,5987,5997,12848,20198,22770,23038,25362,26292,30562,32370,36430,39097,39697
TARGET 04040004 profile=484,6041,10308,12112,14874,19418,19624,20198,20450,24456,26402,27276,34441,36427
TARGET 04040040 profile=19,205,1900,6419,9008,11984,12155,12550,22890,23048,23682,34177,38778,40207
TARGET 04040044 profile=1962,5973,6040,8808,18345,19296,22890,23052,24240,27242,29730,33883,35432,38171
TARGET 04040400 profile=18,487,12912,14577,18203,20130,23010,23529,26099,28825,30401,35339,36371,39040
TARGET 04040404 profile=27,944,7503,11079,14568,19416,23529,25237,28560,32029,35161,36304,38220,39106
TARGET 04040440 profile=1,5987,7680,20016,22794,23041,26446,26985,29546,31737,32352,32890,36369,38643
TARGET 04040444 profile=272,2003,5987,8804,12284,14577,17730,22771,23046,26446,29730,33874,34441,35286
TARGET 04044000 profile=204,481,5069,6046,7524,12912,18546,19965,20324,23034,25176,27280,34448,38856
TARGET 04044004 profile=3,2886,7238,12588,16355,17875,19914,23002,26100,32282,33883,34170,36672,38880
TARGET 04044040 profile=906,6035,6395,9008,12841,18645,19025,23034,24249,25098,25274,25327,34440,35339
TARGET 04044044 profile=27,1478,6038,7232,11848,12696,20138,22914,26401,27096,29754,31984,34657,36459
TARGET 04044400 profile=884,2887,6045,6780,7043,7232,12544,12588,23795,24973,36675,39480,40201,40248
TARGET 04044404 profile=1004,3600,6041,7531,12153,17874,19966,20509,24963,25200,26104,28843,29154,32282
TARGET 04044440 profile=25,6045,7752,11871,12229,22890,23738,24541,25236,27276,29746,30246,32890,35319
TARGET 04044444 profile=152,193,746,5913,12546,14051,19840,22755,24336,26097,30121,34186,35596,39090
TARGET 04400000 profile=739,5921,5996,19024,19965,23074,27280,28992,30419,33841,35325,38130,38171,38898
TARGET 04400004 profile=484,3000,5997,6683,12112,12274,19155,19624,28272,34186,35136,35161,35315,35596
TARGET 04400040 profile=205,5987,8808,12164,12696,18646,19296,20132,20458,23052,23376,33844,39624,40200
TARGET 04400044 profile=205,874,7004,11826,18203,19416,19672,24240,24336,25203,29722,32316,33610,35404
TARGET 04400400 profile=18,22,17754,17848,19030,19955,23082,25273,26087,32316,33145,35596,36450,39097
TARGET 04400404 profile=1520,5925,8805,18550,19882,20324,23530,25203,26079,30594,32370,34562,36369,38905
TARGET 04400440 profile=910,7189,7632,11830,14553,18546,19270,20449,23644,25237,26436,35284,36600,40176
TARGET 04400444 profile=9,8644,14577,18203,19669,19890,20463,23040,23646,25202,29402,31984,34176,36636
TARGET 04404000 profile=5,481,5997,8809,11878,18357,19275,23020,24249,25002,26440,29545,35325,38890
TARGET 04404004 profile=12,1004,2880,6275,7041,7914,17728,19269,24963,30406,32051,35136,36352,38881
TARGET 04404040 profile=204,1843,6838,7205,9072,14820,19024,19170,23736,26075,27241,30393,36636,40200
TARGET 04404044 profile=205,725,1320,5962,8793,17850,18645,19170,24541,25200,27286,32383,33609,33696
TARGET 04404400 profile=193,940,6780,11829,12203,17970,24579,25056,25202,26087,30367,33666,35596,39106
TARGET 04404404 profile=13,7238,9042,11013,11824,14136,17962,19965,22933,23529,25236,28842,38881,39480
TARGET 04404440 profile=5925,6780,8808,9012,12696,13991,17754,18698,24541,25205,27241,33153,35326,39480
TARGET 04404444 profile=720,1813,6994,7023,12284,14565,17737,18328,23529,28800,29400,29754,33822,35287
TARGET 04440000 profile=278,481,1843,6804,8809,12190,14954,19914,19915,26075,34186,36600,38736,38880
TARGET 04440004 profile=1525,6073,11025,12696,17874,19269,23232,24456,25203,30406,32032,35315,36307,38882
TARGET 04440040 profile=937,6035,7043,11026,12703,19914,20467,24240,24336,27240,30400,33841,35596,36352
TARGET 04440044 profile=5919,7688,11848,11985,12284,19396,19630,20198,25237,29544,30978,34176,34441,38644
TARGET 04440400 profile=5,7632,8644,12170,12184,14568,18486,18645,19960,24240,27312,33817,35315,39480
TARGET 04440404 profile=3,5985,7043,7795,12180,18576,19882,20463,23040,23586,30406,30456,35760,39106
TARGET 04440440 profile=2881,11826,14568,17754,18203,19024,21360,25204,28834,33841,35313,36675,36897,38856
TARGET 04440444 profile=720,904,5985,7692,11854,14586,17836,18203,22770,26401,29530,34176,38169,38644
TARGET 04444000 profile=193,6838,11871,14401,14555,17737,20501,23034,24240,25202,26110,29146,30406,39696
TARGET 04444004 profile=13,6804,8868,10961,11858,17850,17970,20501,23795,25236,27280,34183,35160,38880
TARGET 04444040 profile=5,898,1900,7527,7811,11830,14586,19024,19630,23041,24336,26433,33882,40200
TARGET 04444044 profile=486,2881,5043,7023,7752,11848,12848,17874,18645,23793,29154,29526,35166,36310
TARGET 04444400 profile=1,5,5985,6832,11868,19027,22914,24489,26353,27240,28834,33183,39106,40224
TARGET 04444404 profile=24,152,5921,11854,12237,17715,19624,23048,24964,26104,32051,34662,35320,39096
TARGET 04444440 profile=4,1489,8808,11829,12550,14404,17754,19269,24555,26352,28800,34446,36310,38644
TARGET 04444444 profile=6783,6994,10953,11830,12155,20487,23824,24250,25202,25272,29401,35282,38221,39096
TARGET 40000000 profile=1106,7524,7555,11036,14406,14586,20117,20131,20509,25205,30419,34186,34194,35779
TARGET 40000004 profile=181,747,7524,11081,12113,14768,19669,24011,26807,33183,34447,35060,35770,35779
TARGET 40000040 profile=2002,5996,7558,14407,18645,18799,20546,20554,26807,30127,30417,32130,36672,38171
TARGET 40000044 profile=1812,1883,7514,7680,11079,12109,14407,20117,20528,26987,29806,34447,35138,35378
TARGET 40000400 profile=742,6417,17971,18550,19516,20324,20528,20554,26807,31686,32316,34663,36675,39097
TARGET 40000404 profile=949,3003,7244,7531,11013,14768,19669,22768,24489,26439,28843,29407,30405,32356
TARGET 40000440 profile=745,1900,3005,7189,11075,18347,20554,22770,26446,32282,32356,33153,36262,38738
TARGET 40000444 profile=960,3097,9008,9012,11012,14768,14772,18549,19397,19923,22770,29407,29746,30366
TARGET 40004000 profile=748,749,6809,9012,12599,12848,14564,19264,19966,30746,33183,35770,35779,40178
TARGET 40004004 profile=27,747,7030,8826,12852,19095,19419,20060,20554,23793,26439,29146,35325,39166
TARGET 40004040 profile=7024,8646,8808,11086,12841,18336,18698,20562,23020,25363,29754,32140,33198,35636
TARGET 40004044 profile=278,745,1843,5961,7027,8809,12549,18802,27276,28693,32104,33740,34662,35060
TARGET 40004400 profile=2916,7552,12162,14568,17893,19966,20458,20545,26079,30366,32058,32139,39487,40207
TARGET 40004404 profile=744,7027,12591,18203,19181,21938,24489,25320,28843,30247,32317,33183,35785,39106
TARGET 40004440 profile=1843,1916,2885,7510,11075,11086,19095,23376,24531,26433,30417,32140,34586,39114
TARGET 40004444 profile=3043,3097,7504,8818,11040,18544,19181,20458,22771,25201,26440,32356,34586,36612
TARGET 40040000 profile=749,7147,9366,12201,12852,19266,22815,23823,25327,30745,32032,36676,38171,39106
TARGET 40040004 profile=749,7681,18345,19396,20450,22915,26435,26808,26985,30458,32356,34666,35315,35407
TARGET 40040040 profile=226,874,3098,7510,7692,8817,12595,14569,19270,19298,27280,30745,38221,40100
TARGET 40040044 profile=205,7680,8804,12154,12568,20031,20544,23224,24338,27242,30562,30763,35407,38221
TARGET 40040400 profile=1900,3020,7069,11026,12591,14406,14568,19264,19960,20534,23841,30247,38738,39487
TARGET 40040404 profile=3003,3006,8868,12159,12284,17728,23520,26817,30405,33020,34586,36369,36427,38643
TARGET 40040440 profile=738,745,7514,8868,12550,14461,18640,18645,19181,23838,27312,30127,30754,36369
TARGET 40040444 profile=278,720,7688,12288,12549,14568,18578,18640,19813,26085,28843,32352,34663,35061
TARGET 40044000 profile=949,3001,7692,11086,11466,12912,17734,20060,20487,24491,26402,31990,36430,39697
TARGET 40044004 profile=723,747,6994,12571,22888,22933,25320,27276,29754,30744,32051,34666,36459,37624
TARGET 40044040 profile=200,3098,6046,10960,12274,17755,20487,25089,26805,29530,33866,34168,36459,36602
TARGET 40044044 profile=906,3007,6040,7531,8826,11073,19024,19669,20487,23823,24250,29538,29772,34662
TARGET 40044400 profile=1882,3025,6045,7041,7552,12578,14586,20562,23795,25058,26250,32051,35313,39703
TARGET 40044404 profile=1813,2952,6040,11081,12842,17861,17962,20463,23795,27286,28826,34663,35406,36305
TARGET 40044440 profile=1178,7232,8794,11829,18345,19338,20467,23376,23838,24489,26819,30127,30385,39626
TARGET 40044444 profile=3002,7503,7688,11040,12571,22795,23793,24922,26241,29539,30754,32352,35400,35784
TARGET 40400000 profile=725,11027,12229,17676,19672,20314,26433,27001,30562,32316,35060,35325,35770,39703
TARGET 40400004 profile=940,2002,3002,7027,7069,12180,12187,14586,19432,23048,26403,29730,32280,33740
TARGET 40400040 profile=192,739,3018,7043,12229,12549,19901,26795,29458,29754,33183,33201,35325,35376
TARGET 40400044 profile=962,2002,3043,7069,9276,11026,17737,26081,27240,32130,33153,33183,34662,36304
TARGET 40400400 profile=180,949,1326,7027,8868,12852,18711,19882,20545,26985,30272,32032,39486,40100
TARGET 40400404 profile=732,936,1813,6783,9001,19027,19882,19891,26126,29154,32316,35060,35784,35785
TARGET 40400440 profile=738,1882,3002,14400,16353,17755,20117,21360,26087,27286,30127,32049,36349,38236
TARGET 40400444 profile=3003,7232,8640,11025,14564,18347,19266,19813,20192,24512,29400,29406,33201,34876
TARGET 40404000 profile=3005,3097,5552,6832,9012,10961,11878,12848,18646,20060,24491,32051,32140,40206
TARGET 40404004 profile=8647,8826,10092,12840,19027,19410,19669,19957,23823,25322,27273,30744,33740,38904
TARGET 40404040 profile=907,1812,6835,8640,14404,19024,23021,23736,26791,26807,33201,34170,35401,36675
TARGET 40404044 profile=192,732,7189,7680,12840,17851,18201,19095,26984,27280,30417,33738,34662,39121
TARGET 40404400 profile=180,3005,6831,6835,12164,14568,19027,20324,25058,26402,30126,31990,33202,35596
TARGET 40404404 profile=3002,7030,8647,12067,14400,14568,17861,20510,23530,26241,29104,29754,30364,35596
TARGET 40404440 profile=1878,3001,5996,9012,17755,18544,20314,20458,24556,26799,30127,32280,36345,36600
TARGET 40404444 profile=152,721,3043,7069,9001,14550,17731,18201,18544,29545,29800,30417,32140,33738
TARGET 40440000 profile=3043,3766,5987,10960,11026,14401,19901,23021,23530,24541,25237,29746,33864,38379
TARGET 40440004 profile=747,1813,8997,10960,11854,17835,19901,26352,27276,30754,32356,35313,36600,38238
TARGET 40440040 profile=2917,7147,7238,11026,11826,18345,19270,23841,25418,26394,31713,35404,38778,39624
TARGET 40440044 profile=2,944,6808,17775,18607,19381,23838,26446,26793,27312,30754,32280,36371,36456
TARGET 40440400 profile=3004,3098,7019,7144,12284,19901,23544,26985,29130,30361,32029,35400,35596,36459
TARGET 40440404 profile=184,1842,5985,6783,14568,14772,17861,19181,23052,26793,30402,30466,34663,38682
TARGET 40440440 profile=3044,7147,9000,14568,14768,18345,22795,23530,26277,29544,30240,30744,32029,35313
TARGET 40440444 profile=944,2002,2952,6784,7692,11012,13593,18550,20450,22774,27280,34584,35400,38778
TARGET 40444000 profile=5,204,3004,10961,11687,17893,17998,23021,27280,30393,32316,33202,35770,39090
TARGET 40444004 profile=5921,6811,7692,11080,19024,23823,25058,26643,27096,30395,30406,35596,35784,36293
TARGET 40444040 profile=192,3001,8640,12164,14401,15692,17755,17980,23793,25178,26446,26795,27096,36459
TARGET 40444044 profile=722,3418,7680,10967,11848,14401,17775,18201,18645,20198,24380,29736,33740,35786
TARGET 40444400 profile=748,3001,7232,10965,12848,17861,17970,26795,27910,30762,32051,35376,36609,39090
TARGET 40444404 profile=1842,2916,3003,6811,7632,10960,11858,12848,17971,23618,23795,32280,35194,36330
TARGET 40444440 profile=721,892,6811,7041,11829,14400,18347,23515,23842,25098,28824,32049,35778,36369
TARGET 40444444 profile=1812,1900,3096,6784,7688,10953,10955,14760,22901,23618,31987,32298,33201,39000
TARGET 44000000 profile=29,907,6047,7193,9008,12588,19069,24611,26081,30754,30763,38221,39481,40098
TARGET 44000004 profile=388,5972,8646,8826,12571,12588,19396,19410,20487,25323,30763,35339,39106,39114
TARGET 44000040 profile=205,2885,5997,9008,12278,12595,19069,22786,23793,27279,29539,30121,35325,36676
TARGET 44000044 profile=16,11337,17850,18646,18802,20198,20528,20554,26081,32355,34177,36006,36636,39697
TARGET 44000400 profile=1842,1901,6045,7189,8647,12578,12840,19396,20554,26243,28966,30458,39481,40176
TARGET 44000404 profile=2116,8647,11012,12574,18549,19513,20524,20528,26081,29401,32352,33155,35337,36450
TARGET 44000440 profile=241,2953,5996,9008,9012,14768,14772,18645,19209,20116,22795,29146,30121,35286
TARGET 44000444 profile=24,1882,2883,6033,12109,18203,20528,22795,27286,31942,33696,36602,36676,38169
TARGET 44004000 profile=27,12841,18201,20117,20458,23034,26089,26241,27275,30247,30395,35378,36676,39700
TARGET 44004004 profile=27,7041,7692,12067,13686,19962,22933,24541,25206,32356,33155,34186,35761,36352
TARGET 44004040 profile=2885,2887,6999,7238,14628,17746,23646,26099,32049,32107,33609,35325,38058,39602
TARGET 44004044 profile=1882,2894,5962,7527,8646,8808,12229,19264,19960,20564,24555,33696,34441,35407
TARGET 44004400 profile=949,6994,7552,12840,14564,19305,20521,23350,25056,26402,30247,33183,35596,35779
TARGET 44004404 profile=152,922,2954,7531,8809,12544,12852,14577,19966,20016,26440,33183,35058,35761
TARGET 44004440 profile=1,1004,7249,7503,8808,12848,18544,18696,19095,26799,29539,36672,39697,40099
TARGET 44004444 profile=12,24,7504,8701,12578,14628,18544,18549,19900,24552,26472,29401,32049,35770
TARGET 44040000 profile=29,749,7692,12190,14586,19338,19813,20137,20528,24489,27279,29746,30405,34006
TARGET 44040004 profile=26,27,7535,7688,8804,11873,14772,19270,19960,30754,30763,35136,35762,38221
TARGET 44040040 profile=25,7527,12187,18347,19900,21194,23793,25201,29539,30721,34186,35407,36637,38221
TARGET 44040044 profile=3042,7002,8808,12568,17775,19270,20450,20520,26805,34441,35161,35286,36378,36459
TARGET 44040400 profile=24,1004,1813,7503,11025,12187,14569,19516,26436,28575,36424,38778,39696,40098
TARGET 44040404 profile=6040,7681,12184,14406,14568,18192,18576,20532,22901,25237,29154,30594,36460,38232
TARGET 44040440 profile=2917,2953,6001,12550,14578,18640,19900,20450,22794,25320,27280,32292,36676,39602
TARGET 44040444 profile=1813,1890,3003,6033,6040,12544,19813,23232,23817,27273,34194,35337,36460,39602
TARGET 44044000 profile=5,29,7555,12154,22815,23002,25201,26436,29154,32139,32704,35760,36371,39700
TARGET 44044004 profile=205,2880,6040,6306,7752,12852,17756,19338,20509,23795,27242,32110,34663,36310
TARGET 44044040 profile=1843,3096,6047,7682,11086,17848,17980,20467,24491,26446,29522,30246,31985,39697
TARGET 44044044 profile=1900,2904,7514,8826,11079,12201,12568,20532,24336,24491,26994,30393,34657,36371
TARGET 44044400 profile=180,2886,6035,11086,12595,14586,19069,19624,20509,24541,24964,28842,28932,39696
TARGET 44044404 profile=944,2954,5926,7232,11080,17730,20509,24363,26079,28834,32139,32282,38882,39088
TARGET 44044440 profile=2884,6001,7555,12549,12848,22770,24208,24489,26985,28843,30240,30720,35770,36672
TARGET 44044444 profile=434,6783,12274,14554,18201,20060,20463,23232,23793,24552,26097,29401,34562,35305
TARGET 44400000 profile=196,2116,2884,7020,7027,8826,12187,12229,20146,23074,27243,29130,36600,38778
TARGET 44400004 profile=3,5963,7069,17706,19072,20192,26280,27273,30405,30754,34657,35596,36636,40098
TARGET 44400040 profile=18,192,1843,11829,14761,19168,19170,19627,26870,29754,30720,30721,36636,40098
TARGET 44400044 profile=205,486,906,7692,12187,14628,18585,19168,20520,26241,34440,35058,35432,36352
TARGET 44400400 profile=244,2116,2917,5962,12229,15036,17715,26400,26807,31984,36450,38169,38221,39696
TARGET 44400404 profile=13,936,2892,7069,7503,12203,19180,26073,29154,30154,30405,30456,38221,38235
TARGET 44400440 profile=2885,5961,8804,12274,14400,18203,19095,19962,20314,23768,30120,30126,38235,39796
TARGET 44400444 profile=12,1900,2884,8640,17193,17730,19396,22200,26446,26801,29401,32029,33202,36369
TARGET 44404000 profile=29,1843,5926,6838,14757,17953,19180,26436,27096,30393,32280,33192,35770,36676
TARGET 44404004 profile=2917,4366,5926,5962,8641,11003,19180,22900,23644,23823,25363,29146,33459,38880
TARGET 44404040 profile=910,1812,8808,9012,11001,11829,17980,19900,23082,26075,33666,35322,35386,39697
TARGET 44404044 profile=2882,2954,7238,12064,12179,19180,23688,26241,29730,30240,30562,32139,35281,36349
TARGET 44404400 profile=200,724,11872,17893,18481,20077,24552,26075,26472,27286,32051,32136,35770,36600
TARGET 44404404 profile=3043,5962,6780,12067,12284,18201,19966,24555,25274,27090,30244,33740,34560,36033
TARGET 44404440 profile=200,2116,3096,5996,8433,11830,12852,18646,20458,22796,26440,30240,33740,39600
TARGET 44404444 profile=2918,8808,9008,12067,14760,18201,22770,23644,26973,28800,30393,35400,35760,36349
TARGET 44440000 profile=5058,7680,14407,14586,19069,19261,19627,20131,24541,25204,26433,33840,35760,38778
TARGET 44440004 profile=2883,2953,5927,6814,7688,10712,11848,14772,18550,19338,23795,35160,36371,36460
TARGET 44440040 profile=2884,7147,8640,8808,12190,14407,17980,20484,23644,26985,29154,29704,30562,35284
TARGET 44440044 profile=906,2883,7004,8808,11847,11851,19627,20198,24336,27242,29400,30562,36310,38236
TARGET 44440400 profile=18,936,7680,12109,12840,17970,18345,19813,26240,26440,33961,35337,38780,39696
TARGET 44440404 profile=181,1842,8644,11851,14400,19624,22900,23618,26070,26081,30241,32355,38235,39090
TARGET 44440440 profile=0,874,2917,8790,12229,14761,17754,18345,18640,28801,28960,35337,36460,38780
TARGET 44440444 profile=1896,2880,11012,14772,17730,18640,20192,20450,23842,26085,29401,32025,32280,36600
TARGET 44444000 profile=6046,10967,11875,12852,19624,24336,24541,25925,26352,30562,30720,31973,35315,35326
TARGET 44444004 profile=723,948,2882,5927,6641,17775,17876,22900,26440,30754,34170,35313,36636,38236
TARGET 44444040 profile=1812,2885,3042,5926,6794,7688,11875,12696,17850,23736,24491,32010,36600,40258
TARGET 44444044 profile=26,2880,5919,7688,12274,17851,17980,26073,28006,30456,32289,34170,35778,36371
TARGET 44444400 profile=4,3532,5921,6832,8641,12840,17893,18345,18549,20324,25098,29136,30722,38778
TARGET 44444404 profile=936,2880,7004,8641,14400,15810,17730,17861,24456,24489,26073,26352,27286,32139
TARGET 44444440 profile=1842,1882,2952,5913,5915,9000,11830,12848,23020,23736,34080,36307,36618,38235
TARGET 44444444 profile=0,170,6783,8640,11875,12201,18203,23490,24380,24556,29520,30762,32049,36369
