14 114159 12000
14 114167 12000
14 114171 12000
14 114173 12000
14 114174 12000
14 114415 12000
14 114423 12000
14 114427 12000
14 114429 12000
14 114430 12000
14 114639 12000
14 114651 12000
14 114653 6000
14 237047 12000
14 237051 12000
14 237053 12000
14 237054 12000
14 237423 12000
14 237431 12000
14 237435 12000
14 237437 12000
14 237438 12000
14 237487 12000
14 237499 12000
14 237501 6000
14 241135 6000
14 241143 12000
14 241147 12000
14 241149 12000
14 241150 12000
14 241391 12000
14 241399 12000
14 241403 12000
14 241405 12000
14 241406 12000
14 241615 12000
14 241623 6000
14 241627 6000
14 245230 3000
14 245235 12000
14 245237 12000
14 245238 12000
14 245241 12000
14 245242 12000
14 245244 12000
14 245479 6000
14 245485 12000
14 245486 12000
14 245493 12000
14 245500 6000
14 245613 3000
14 245619 3000
14 1097214 12000
14 1097470 12000
14 1097662 12000
14 1097679 6000
14 1097687 12000
14 1097694 12000
14 1112574 6000
14 1113054 1500
14 1154814 12000
14 1158654 12000
14 1158910 6000
14 1159038 12000
14 1159119 12000
14 1159131 12000
14 1159134 12000
14 1161967 12000
14 1161975 12000
14 1161979 6000
14 1161982 6000
14 1162191 12000
14 1162878 12000
14 1162959 12000
14 1162967 12000
14 1162971 12000
14 1162974 12000
14 1163002 12000
14 1163004 12000
14 1163087 12000
14 1163151 12000
14 1172990 12000
14 1173374 12000
14 1174007 12000
14 1174011 6000
14 1174398 6000
14 1174782 12000
14 1174910 6000
14 1175005 12000
14 1175286 6000
14 1175389 12000
14 1175516 3000
15 245231 6000
15 245239 12000
15 245243 12000
15 245245 12000
15 245246 12000
15 245487 12000
15 245495 12000
15 245499 12000
15 245501 12000
15 245502 12000
15 245615 12000
15 245623 12000
15 245630 6000
15 1163006 12000
15 1163215 12000
15 1175038 12000
15 1175294 12000
15 1175422 12000
15 1175503 6000
15 1175515 12000
15 1175517 12000
15 1289726 6000
15 1290191 6000
15 1294076 2000
15 1294286 4000
15 1306358 600
16 507375 375
16 507383 12000
16 507639 3000
16 507645 3000
16 1294078 6000
16 1294287 4000
