8 3 13 7 7 0 60000
8 4 10 10 6 0 225000
8 5 7 13 5 0 126000
8 6 4 16 4 0 10500
9 2 12 6 10 0 15000
9 3 9 9 9 0 140000
9 4 6 12 8 0 142500
9 5 3 15 7 0 18000
10 2 9 6 13 0 12000
10 3 6 9 12 0 54000
10 4 3 12 11 0 30000
10 5 0 15 10 0 600
11 3 4 7 16 0 6000
11 4 1 10 15 0 3000
12 0 5 15 3 7 6000
12 0 6 12 6 6 204000
12 0 7 9 9 5 426000
12 0 8 6 12 4 96000
12 0 9 3 15 3 4000
12 1 3 15 5 6 60000
12 1 4 12 8 5 639000
12 1 5 9 11 4 882000
12 1 6 6 14 3 138000
12 2 0 18 4 6 1500
12 2 1 15 7 5 18000
12 2 2 12 10 4 252000
12 2 3 9 13 3 294000
12 2 4 6 16 2 40500
12 3 0 12 12 3 10000
12 3 1 9 15 2 12000
12 3 2 6 18 1 6000
13 0 3 15 3 9 4000
13 0 4 12 6 8 96000
13 0 5 9 9 7 426000
13 0 6 6 12 6 204000
13 0 7 3 15 5 6000
13 1 1 15 5 8 6000
13 1 2 12 8 7 201000
13 1 3 9 11 6 684000
13 1 4 6 14 5 264000
13 1 5 3 17 4 6000
13 2 0 12 10 6 18000
13 2 1 9 13 5 126000
13 2 2 6 16 4 54000
13 2 3 3 19 3 6000
13 3 0 6 18 3 2000
14 0 2 13 4 11 1500
14 0 3 10 7 10 90000
14 0 4 7 10 9 255000
14 0 5 4 13 8 60000
14 1 0 13 6 10 3000
14 1 1 10 9 9 108000
14 1 2 7 12 8 324000
14 1 3 4 15 7 72000
14 1 4 1 18 6 3000
14 2 0 7 14 7 27000
14 2 1 4 17 6 18000
15 0 2 9 6 13 12000
15 0 3 6 9 12 78000
15 0 4 3 12 11 18000
15 0 5 0 15 10 600
15 1 0 9 8 12 12000
15 1 1 6 11 11 90000
15 1 2 3 14 10 36000
15 2 0 3 16 9 6000
16 0 2 6 6 16 6000
16 0 3 3 9 15 4000
16 1 0 6 8 15 6000
16 1 1 3 11 14 12000
16 2 0 0 16 12 375
