0 1 6 10 23 26 34 41 53 55
0 2 14 21 29 32 45 49 54 55
1 2 7 11 24 27 35 42 54 56
1 3 15 22 30 33 46 50 55 56
2 3 8 12 25 28 36 43 55 57
2 4 16 23 31 34 47 51 56 57
0 2 15 21 22 32 46 50 55 58
0 3 8 12 26 36 37 43 56 58
3 4 9 13 26 29 37 44 56 58
3 5 17 24 32 35 48 52 57 58
0 3 4 10 22 30 43 45 54 59
1 3 16 22 23 33 47 51 56 59
0 2 8 13 22 23 40 52 56 59
0 5 14 16 29 37 49 55 56 59
1 4 9 13 27 37 38 44 57 59
4 5 10 14 27 30 38 45 57 59
0 3 7 19 36 37 46 51 57 59
4 6 18 25 33 36 49 53 58 59
0 1 4 11 24 29 43 45 51 60
0 2 3 9 20 33 41 45 55 60
1 4 5 11 23 31 44 46 55 60
0 1 3 11 17 29 36 51 56 60
0 1 11 16 33 35 47 53 56 60
0 2 6 14 15 34 39 50 57 60
0 2 16 22 23 33 48 52 57 60
2 4 17 23 24 34 48 52 57 60
1 3 9 14 23 24 41 53 57 60
0 1 9 14 24 35 41 53 57 60
0 2 12 18 29 38 52 53 57 60
0 2 8 19 35 42 47 56 57 60
1 6 15 17 30 38 50 56 57 60
0 3 8 12 27 37 38 44 58 60
2 5 10 14 28 38 39 45 58 60
5 6 11 15 28 31 39 46 58 60
0 3 7 8 22 31 42 48 58 60
0 1 5 8 20 26 36 49 58 60
0 1 5 8 21 31 43 49 58 60
0 1 4 14 20 25 43 51 58 60
0 3 4 13 18 25 41 52 58 60
0 1 5 22 33 42 45 52 58 60
1 4 8 20 37 38 47 52 58 60
0 1 10 16 28 36 39 53 58 60
0 3 10 21 26 45 46 54 58 60
0 5 15 19 27 40 51 57 58 60
0 4 7 13 25 27 44 49 59 60
0 2 7 21 24 32 44 50 59 60
0 3 7 19 25 36 46 51 59 60
5 7 19 26 34 37 50 54 59 60
0 2 8 15 18 27 38 55 59 60
0 2 11 17 29 39 52 55 59 60
0 2 11 24 34 40 52 55 59 60
0 2 9 17 35 40 46 56 59 60
0 9 15 17 31 36 49 56 59 60
0 4 9 24 31 43 49 57 59 60
1 2 5 12 25 30 44 46 52 61
0 1 6 8 24 35 39 49 52 61
0 1 7 19 23 33 48 50 53 61
0 3 14 16 36 37 42 46 54 61
0 2 3 13 31 35 40 47 55 61
0 1 4 11 20 25 38 53 55 61
0 4 11 16 25 35 38 53 55 61
0 1 4 19 32 39 44 53 55 61
0 1 10 14 26 33 50 53 55 61
0 1 16 20 29 43 50 53 55 61
1 3 4 10 21 34 42 46 56 61
2 5 6 12 24 32 45 47 56 61
0 4 6 14 15 33 36 49 56 61
0 1 4 14 32 34 40 49 56 61
0 1 7 17 29 38 42 53 56 61
0 2 17 24 27 43 47 55 56 61
0 1 6 8 18 34 37 48 57 61
0 6 8 23 26 36 45 50 57 61
1 2 4 12 18 30 37 52 57 61
1 2 12 17 34 36 48 54 57 61
0 1 10 24 36 39 44 55 57 61
0 5 12 25 28 46 47 55 57 61
0 1 6 10 18 25 45 47 58 61
0 7 15 19 24 25 45 47 58 61
1 3 7 15 16 35 40 51 58 61
0 1 5 13 15 34 41 52 58 61
0 1 5 20 22 34 45 52 58 61
0 1 5 15 22 34 50 52 58 61
1 3 17 23 24 34 49 53 58 61
3 5 18 24 25 35 49 53 58 61
2 4 10 15 24 25 42 54 58 61
1 2 10 15 25 36 42 54 58 61
0 1 6 24 33 44 46 54 58 61
0 2 10 23 24 43 49 54 58 61
1 3 13 19 30 39 53 54 58 61
0 1 7 11 19 32 41 56 58 61
0 1 7 15 19 36 45 56 58 61
1 3 9 20 36 43 48 57 58 61
2 7 16 18 31 39 51 57 58 61
0 5 6 14 18 34 37 44 59 61
1 4 9 13 28 38 39 45 59 61
0 1 4 10 18 34 39 46 59 61
3 6 11 15 29 39 40 46 59 61
6 7 12 16 29 32 40 47 59 61
0 1 6 10 18 25 45 48 59 61
1 4 8 9 23 32 43 49 59 61
1 2 6 9 21 27 37 50 59 61
1 2 6 9 22 32 44 50 59 61
0 3 7 12 18 37 38 51 59 61
1 2 5 15 21 26 44 52 59 61
1 4 5 14 19 26 42 53 59 61
0 1 4 14 32 37 44 53 59 61
1 2 6 23 34 43 46 53 59 61
2 5 9 21 38 39 48 53 59 61
1 2 11 17 29 37 40 54 59 61
0 1 9 20 33 38 45 55 59 61
1 4 11 22 27 46 47 55 59 61
0 1 9 21 26 45 48 55 59 61
0 1 8 20 34 37 50 55 59 61
0 1 7 11 26 39 47 56 59 61
0 1 11 17 29 37 52 56 59 61
0 6 14 21 26 30 48 58 59 61
1 6 16 20 28 41 52 58 59 61
0 6 8 11 18 32 41 45 60 61
0 2 5 9 24 32 44 50 60 61
1 5 8 14 26 28 45 50 60 61
0 4 6 17 22 25 37 51 60 61
1 3 8 22 25 33 45 51 60 61
0 6 8 11 28 35 47 51 60 61
0 2 6 13 16 35 40 52 60 61
0 2 6 16 23 28 41 52 60 61
1 4 8 20 26 37 47 52 60 61
0 2 6 11 24 27 41 53 60 61
0 8 11 13 28 38 42 54 60 61
0 5 8 19 23 32 44 54 60 61
0 3 5 16 25 42 46 54 60 61
0 2 5 14 22 35 50 54 60 61
0 3 5 20 29 42 50 54 60 61
0 3 7 15 17 28 37 55 60 61
6 8 20 27 35 38 51 55 60 61
0 2 13 16 36 43 51 55 60 61
0 3 14 16 36 43 51 55 60 61
0 9 12 22 26 37 53 55 60 61
0 4 13 24 27 43 53 55 60 61
1 3 9 16 19 28 39 56 60 61
0 3 9 16 27 39 41 56 60 61
0 3 9 11 27 39 46 56 60 61
0 3 9 20 27 46 48 56 60 61
1 3 12 18 30 40 53 56 60 61
1 3 12 25 35 41 53 56 60 61
0 6 8 17 22 29 42 57 60 61
0 2 8 17 24 29 47 57 60 61
0 5 12 21 27 29 47 57 60 61
1 3 10 18 36 41 47 57 60 61
1 10 16 18 32 37 50 57 60 61
0 6 8 23 36 41 50 57 60 61
0 2 15 22 27 43 51 57 60 61
1 5 10 25 32 44 50 58 60 61
0 3 5 13 17 35 36 42 51 62
0 4 12 14 17 35 36 42 51 62
0 1 3 7 18 30 38 43 52 62
0 4 6 7 19 30 35 44 52 62
0 4 6 17 18 38 43 46 53 62
2 3 6 13 26 31 45 47 53 62
1 2 7 9 25 36 40 50 53 62
0 4 5 18 20 26 43 50 53 62
0 1 3 7 19 30 40 45 54 62
0 1 3 10 26 30 43 48 54 62
0 1 7 17 36 39 41 50 54 62
1 2 8 20 24 34 49 51 54 62
0 1 6 24 33 37 40 52 54 62
1 4 15 17 37 38 43 47 55 62
0 3 4 17 32 37 43 53 55 62
0 1 4 14 30 35 47 53 55 62
0 1 11 14 30 35 47 53 55 62
0 2 5 9 22 37 38 48 56 62
1 3 4 14 32 36 41 48 56 62
0 1 3 10 25 39 43 51 56 62
0 3 5 14 32 39 40 52 56 62
0 2 3 17 24 33 44 52 56 62
0 2 5 23 36 37 45 52 56 62
0 2 5 21 30 44 45 52 56 62
1 2 5 12 21 26 39 54 56 62
1 5 12 17 26 36 39 54 56 62
0 3 7 12 30 40 41 54 56 62
1 2 5 20 33 40 45 54 56 62
0 4 5 16 34 37 47 54 56 62
1 2 11 15 27 34 51 54 56 62
1 2 17 21 30 44 51 54 56 62
0 4 12 22 25 27 36 55 56 62
0 3 5 16 33 37 47 55 56 62
2 4 5 11 22 35 43 47 57 62
0 4 6 7 19 30 40 48 57 62
3 6 7 13 25 33 46 48 57 62
1 5 7 15 16 34 37 50 57 62
1 2 5 15 33 35 41 50 57 62
0 1 3 9 22 32 46 50 57 62
0 3 4 17 32 39 41 51 57 62
0 3 4 16 34 36 43 51 57 62
0 2 3 15 21 29 46 53 57 62
0 1 14 17 24 32 51 53 57 62
0 2 6 16 17 29 36 54 57 62
0 4 6 13 24 25 40 54 57 62
1 2 8 18 30 39 43 54 57 62
0 2 15 16 22 26 45 54 57 62
0 4 10 11 24 26 45 54 57 62
0 4 6 17 18 38 47 54 57 62
0 1 11 13 28 32 48 54 57 62
0 4 7 15 17 29 38 56 57 62
0 4 11 25 27 44 47 56 57 62
1 3 18 25 28 44 48 56 57 62
0 2 10 11 16 23 40 43 58 62
1 2 7 9 19 35 38 49 58 62
0 6 7 26 35 37 40 50 58 62
0 1 7 16 27 45 48 50 58 62
0 11 20 26 27 45 48 50 58 62
0 5 6 15 18 35 37 51 58 62
1 7 9 24 27 37 46 51 58 62
0 1 9 22 28 46 48 51 58 62
0 5 8 17 36 38 51 52 58 62
2 3 5 13 19 31 38 53 58 62
0 2 3 14 20 27 43 53 58 62
0 1 3 11 26 40 46 53 58 62
0 2 13 16 28 35 52 53 58 62
0 5 6 24 33 45 47 55 58 62
2 3 13 18 35 37 49 55 58 62
1 2 11 25 37 40 45 56 58 62
0 5 8 15 24 44 45 56 58 62
0 9 16 19 24 44 45 56 58 62
1 6 13 26 29 47 48 56 58 62
0 5 8 22 37 38 49 56 58 62
0 1 16 24 27 44 49 56 58 62
0 5 14 22 32 43 55 56 58 62
0 10 18 27 32 43 55 56 58 62
0 2 9 15 27 38 41 57 58 62
0 9 12 19 36 42 44 57 58 62
0 3 13 20 22 28 46 57 58 62
0 6 8 15 25 28 46 57 58 62
0 1 5 23 33 35 42 48 59 62
0 1 6 10 18 25 46 48 59 62
1 2 7 11 19 26 46 48 59 62
1 8 16 20 25 26 46 48 59 62
0 4 5 16 34 40 42 49 59 62
0 1 5 11 27 29 42 50 59 62
2 4 8 16 17 36 41 52 59 62
0 1 5 21 33 35 44 52 59 62
0 1 6 19 28 36 48 52 59 62
1 2 6 14 16 35 42 53 59 62
1 2 6 21 23 35 46 53 59 62
0 1 5 15 22 35 51 53 59 62
1 2 6 16 23 35 51 53 59 62
0 2 13 18 30 38 52 53 59 62
0 1 10 17 21 23 35 54 59 62
2 4 18 24 25 35 50 54 59 62
4 6 19 25 26 36 50 54 59 62
3 5 11 16 25 26 43 55 59 62
2 3 11 16 26 37 43 55 59 62
0 2 10 11 25 38 43 55 59 62
1 2 7 25 34 45 47 55 59 62
0 6 8 21 22 32 50 55 59 62
1 3 11 24 25 44 50 55 59 62
0 1 11 16 24 41 53 55 59 62
2 4 14 20 31 40 54 55 59 62
3 14 23 29 30 48 51 53 61 65
11 12 17 21 34 37 45 52 64 66
18 20 32 39 47 50 63 67 72 73
5 7 15 22 28 31 56 70 74 75
6 9 16 27 35 40 60 62 76 77
1 2 24 33 41 44 57 59 71 78
4 13 36 38 42 43 55 58 69 79
8 10 19 25 26 46 49 54 68 80
