0 123
1 126
2 168
3 147
4 144
5 153
6 168
7 168
8 153
9 162
10 180
11 177
12 180
13 195
14 189
15 204
16 159
17 177
18 177
19 183
20 180
21 204
22 183
23 207
24 189
25 213
26 204
27 216
28 216
29 246
30 216
31 246
32 153
33 141
34 225
35 171
36 162
37 165
38 195
39 183
40 162
41 165
42 198
43 186
44 183
45 195
46 195
47 207
48 171
49 177
50 198
51 186
52 183
53 201
54 192
55 207
56 195
57 213
58 213
59 219
60 216
61 243
62 219
63 246
64 180
65 186
66 213
67 201
68 213
69 222
70 228
71 231
72 237
73 249
74 255
75 258
76 282
77 297
78 285
79 300
80 216
81 237
82 228
83 240
84 249
85 273
86 249
87 273
88 273
89 300
90 282
91 300
92 318
93 348
94 315
95 345
96 195
97 186
98 255
99 210
100 216
101 219
102 240
103 231
104 231
105 237
106 258
107 252
108 270
109 282
110 276
111 288
112 213
113 222
114 234
115 228
116 237
117 255
118 243
119 258
120 264
121 285
122 276
123 288
124 303
125 330
126 303
127 330
128 174
129 171
130 252
131 207
132 189
133 195
134 225
135 216
136 192
137 195
138 252
139 225
140 213
141 225
142 234
143 240
144 201
145 207
146 252
147 228
148 216
149 231
150 231
151 240
152 219
153 231
154 267
155 249
156 240
157 261
158 252
159 267
160 210
161 189
162 318
163 237
164 210
165 210
166 255
167 234
168 201
169 198
170 273
171 237
172 216
173 225
174 240
175 243
176 216
177 207
178 276
179 231
180 219
181 228
182 240
183 240
184 225
185 231
186 276
187 252
188 240
189 258
190 255
191 267
192 186
193 189
194 231
195 213
196 216
197 222
198 234
199 234
200 231
201 240
202 261
203 258
204 273
205 285
206 279
207 291
208 213
209 225
210 237
211 237
212 243
213 258
214 246
215 261
216 258
217 276
218 279
219 285
220 300
221 321
222 300
223 321
224 204
225 189
226 276
227 222
228 219
229 219
230 246
231 234
232 225
233 228
234 264
235 252
236 261
237 270
238 270
239 279
240 213
241 210
242 246
243 225
244 231
245 240
246 240
247 246
248 249
249 261
250 273
251 273
252 285
253 303
254 288
255 306
